# AccuRT configuration file for the user_specified material #
PROFILE_LABEL = layer_numbering #
MATERIAL_PROFILE = 1 1  2 1  3 1  4 1  5 1  6 1  7 1  8 1  9 1   #
TURN_OFF_DELTA_FIT = true #

WAVELENGTHS = 400 412 442 490 510 560 620 665 674 #

CHECK_FORMAT = false#

REFRACTIVE_INDICES = 1.34966951023 1.34854620878 1.34615577683 1.34322518641 1.34223444228 1.3401677019 1.3382334472 1.33704986221 1.33683442084 #

A_1_1 = 6.91720198363e-15 #
S_1_1 = 4.88877431918e-11 #
P_1_1 = 1 -3.31946474708e-11 0.0958696384737 -9.9549038441e-11 5.46788683102e-07 2.00170621528e-10 -3.99298045237e-08 -1.24340954604e-10 -6.44676413427e-09 1.15513484857e-11 -1.38992760111e-08 -2.00459065698e-11 -9.31823076544e-09 -1.94993442765e-11 2.80028983843e-08 6.79752023428e-11 3.49428257814e-09 -3.97350342285e-11 -1.95068056985e-08 -1.40665240133e-11 7.98971620454e-10 -1.47993092854e-11 -2.80849638943e-09 2.63430685688e-11 2.95381109504e-08 -2.64060861185e-11 -1.16800324372e-08 2.27305765405e-11 -1.76874900528e-08 -4.45984677204e-11 7.29508399249e-09 4.984905438e-11 -9.90977080583e-10 -2.40801294839e-12  #

A_1_2 = 1.63761153461e-14 #
S_1_2 = 4.32326314249e-11 #
P_1_2 = 1 -3.31946474708e-11 0.0958696384737 -9.9549038441e-11 5.46788683102e-07 2.00170621528e-10 -3.99298045237e-08 -1.24340954604e-10 -6.44676413427e-09 1.15513484857e-11 -1.38992760111e-08 -2.00459065698e-11 -9.31823076544e-09 -1.94993442765e-11 2.80028983843e-08 6.79752023428e-11 3.49428257814e-09 -3.97350342285e-11 -1.95068056985e-08 -1.40665240133e-11 7.98971620454e-10 -1.47993092854e-11 -2.80849638943e-09 2.63430685688e-11 2.95381109504e-08 -2.64060861185e-11 -1.16800324372e-08 2.27305765405e-11 -1.76874900528e-08 -4.45984677204e-11 7.29508399249e-09 4.984905438e-11 -9.90977080583e-10 -2.40801294839e-12  #

A_1_3 = 1.09923477646e-13 #
S_1_3 = 3.23144861475e-11 #
P_1_3 = 1 -3.31946474708e-11 0.0958696384737 -9.9549038441e-11 5.46788683102e-07 2.00170621528e-10 -3.99298045237e-08 -1.24340954604e-10 -6.44676413427e-09 1.15513484857e-11 -1.38992760111e-08 -2.00459065698e-11 -9.31823076544e-09 -1.94993442765e-11 2.80028983843e-08 6.79752023428e-11 3.49428257814e-09 -3.97350342285e-11 -1.95068056985e-08 -1.40665240133e-11 7.98971620454e-10 -1.47993092854e-11 -2.80849638943e-09 2.63430685688e-11 2.95381109504e-08 -2.64060861185e-11 -1.16800324372e-08 2.27305765405e-11 -1.76874900528e-08 -4.45984677204e-11 7.29508399249e-09 4.984905438e-11 -9.90977080583e-10 -2.40801294839e-12  #

A_1_4 = 5.27188995039e-13 #
S_1_4 = 2.1142486786e-11 #
P_1_4 = 1 -3.31946474708e-11 0.0958696384737 -9.9549038441e-11 5.46788683102e-07 2.00170621528e-10 -3.99298045237e-08 -1.24340954604e-10 -6.44676413427e-09 1.15513484857e-11 -1.38992760111e-08 -2.00459065698e-11 -9.31823076544e-09 -1.94993442765e-11 2.80028983843e-08 6.79752023428e-11 3.49428257814e-09 -3.97350342285e-11 -1.95068056985e-08 -1.40665240133e-11 7.98971620454e-10 -1.47993092854e-11 -2.80849638943e-09 2.63430685688e-11 2.95381109504e-08 -2.64060861185e-11 -1.16800324372e-08 2.27305765405e-11 -1.76874900528e-08 -4.45984677204e-11 7.29508399249e-09 4.984905438e-11 -9.90977080583e-10 -2.40801294839e-12  #

A_1_5 = 9.76566026026e-13 #
S_1_5 = 1.79468294038e-11 #
P_1_5 = 1 -3.31946474708e-11 0.0958696384737 -9.9549038441e-11 5.46788683102e-07 2.00170621528e-10 -3.99298045237e-08 -1.24340954604e-10 -6.44676413427e-09 1.15513484857e-11 -1.38992760111e-08 -2.00459065698e-11 -9.31823076544e-09 -1.94993442765e-11 2.80028983843e-08 6.79752023428e-11 3.49428257814e-09 -3.97350342285e-11 -1.95068056985e-08 -1.40665240133e-11 7.98971620454e-10 -1.47993092854e-11 -2.80849638943e-09 2.63430685688e-11 2.95381109504e-08 -2.64060861185e-11 -1.16800324372e-08 2.27305765405e-11 -1.76874900528e-08 -4.45984677204e-11 7.29508399249e-09 4.984905438e-11 -9.90977080583e-10 -2.40801294839e-12  #

A_1_6 = 2.6038743157e-12 #
S_1_6 = 1.22517071491e-11 #
P_1_6 = 1 -3.31946474708e-11 0.0958696384737 -9.9549038441e-11 5.46788683102e-07 2.00170621528e-10 -3.99298045237e-08 -1.24340954604e-10 -6.44676413427e-09 1.15513484857e-11 -1.38992760111e-08 -2.00459065698e-11 -9.31823076544e-09 -1.94993442765e-11 2.80028983843e-08 6.79752023428e-11 3.49428257814e-09 -3.97350342285e-11 -1.95068056985e-08 -1.40665240133e-11 7.98971620454e-10 -1.47993092854e-11 -2.80849638943e-09 2.63430685688e-11 2.95381109504e-08 -2.64060861185e-11 -1.16800324372e-08 2.27305765405e-11 -1.76874900528e-08 -4.45984677204e-11 7.29508399249e-09 4.984905438e-11 -9.90977080583e-10 -2.40801294839e-12  #

A_1_7 = 2.76471410488e-12 #
S_1_7 = 8.10069082149e-12 #
P_1_7 = 1 -3.31946474708e-11 0.0958696384737 -9.9549038441e-11 5.46788683102e-07 2.00170621528e-10 -3.99298045237e-08 -1.24340954604e-10 -6.44676413427e-09 1.15513484857e-11 -1.38992760111e-08 -2.00459065698e-11 -9.31823076544e-09 -1.94993442765e-11 2.80028983843e-08 6.79752023428e-11 3.49428257814e-09 -3.97350342285e-11 -1.95068056985e-08 -1.40665240133e-11 7.98971620454e-10 -1.47993092854e-11 -2.80849638943e-09 2.63430685688e-11 2.95381109504e-08 -2.64060861185e-11 -1.16800324372e-08 2.27305765405e-11 -1.76874900528e-08 -4.45984677204e-11 7.29508399249e-09 4.984905438e-11 -9.90977080583e-10 -2.40801294839e-12  #

A_1_8 = 1.31500537565e-12 #
S_1_8 = 6.09832346779e-12 #
P_1_8 = 1 -3.31946474708e-11 0.0958696384737 -9.9549038441e-11 5.46788683102e-07 2.00170621528e-10 -3.99298045237e-08 -1.24340954604e-10 -6.44676413427e-09 1.15513484857e-11 -1.38992760111e-08 -2.00459065698e-11 -9.31823076544e-09 -1.94993442765e-11 2.80028983843e-08 6.79752023428e-11 3.49428257814e-09 -3.97350342285e-11 -1.95068056985e-08 -1.40665240133e-11 7.98971620454e-10 -1.47993092854e-11 -2.80849638943e-09 2.63430685688e-11 2.95381109504e-08 -2.64060861185e-11 -1.16800324372e-08 2.27305765405e-11 -1.76874900528e-08 -4.45984677204e-11 7.29508399249e-09 4.984905438e-11 -9.90977080583e-10 -2.40801294839e-12  #

A_1_9 = 1.10000628764e-12 #
S_1_9 = 5.77540203424e-12 #
P_1_9 = 1 -3.31946474708e-11 0.0958696384737 -9.9549038441e-11 5.46788683102e-07 2.00170621528e-10 -3.99298045237e-08 -1.24340954604e-10 -6.44676413427e-09 1.15513484857e-11 -1.38992760111e-08 -2.00459065698e-11 -9.31823076544e-09 -1.94993442765e-11 2.80028983843e-08 6.79752023428e-11 3.49428257814e-09 -3.97350342285e-11 -1.95068056985e-08 -1.40665240133e-11 7.98971620454e-10 -1.47993092854e-11 -2.80849638943e-09 2.63430685688e-11 2.95381109504e-08 -2.64060861185e-11 -1.16800324372e-08 2.27305765405e-11 -1.76874900528e-08 -4.45984677204e-11 7.29508399249e-09 4.984905438e-11 -9.90977080583e-10 -2.40801294839e-12  #

A_2_1 = 1.00967261589e-11 #
S_2_1 = 7.31345969315e-09 #
P_2_1 = 1 -3.31946474708e-11 0.0958696384737 -9.9549038441e-11 5.46788683102e-07 2.00170621528e-10 -3.99298045237e-08 -1.24340954604e-10 -6.44676413427e-09 1.15513484857e-11 -1.38992760111e-08 -2.00459065698e-11 -9.31823076544e-09 -1.94993442765e-11 2.80028983843e-08 6.79752023428e-11 3.49428257814e-09 -3.97350342285e-11 -1.95068056985e-08 -1.40665240133e-11 7.98971620454e-10 -1.47993092854e-11 -2.80849638943e-09 2.63430685688e-11 2.95381109504e-08 -2.64060861185e-11 -1.16800324372e-08 2.27305765405e-11 -1.76874900528e-08 -4.45984677204e-11 7.29508399249e-09 4.984905438e-11 -9.90977080583e-10 -2.40801294839e-12  #

A_2_2 = 2.42079506686e-11 #
S_2_2 = 6.46747194105e-09 #
P_2_2 = 1 -3.31946474708e-11 0.0958696384737 -9.9549038441e-11 5.46788683102e-07 2.00170621528e-10 -3.99298045237e-08 -1.24340954604e-10 -6.44676413427e-09 1.15513484857e-11 -1.38992760111e-08 -2.00459065698e-11 -9.31823076544e-09 -1.94993442765e-11 2.80028983843e-08 6.79752023428e-11 3.49428257814e-09 -3.97350342285e-11 -1.95068056985e-08 -1.40665240133e-11 7.98971620454e-10 -1.47993092854e-11 -2.80849638943e-09 2.63430685688e-11 2.95381109504e-08 -2.64060861185e-11 -1.16800324372e-08 2.27305765405e-11 -1.76874900528e-08 -4.45984677204e-11 7.29508399249e-09 4.984905438e-11 -9.90977080583e-10 -2.40801294839e-12  #

A_2_3 = 1.62061720987e-10 #
S_2_3 = 4.83415016761e-09 #
P_2_3 = 1 -3.31946474708e-11 0.0958696384737 -9.9549038441e-11 5.46788683102e-07 2.00170621528e-10 -3.99298045237e-08 -1.24340954604e-10 -6.44676413427e-09 1.15513484857e-11 -1.38992760111e-08 -2.00459065698e-11 -9.31823076544e-09 -1.94993442765e-11 2.80028983843e-08 6.79752023428e-11 3.49428257814e-09 -3.97350342285e-11 -1.95068056985e-08 -1.40665240133e-11 7.98971620454e-10 -1.47993092854e-11 -2.80849638943e-09 2.63430685688e-11 2.95381109504e-08 -2.64060861185e-11 -1.16800324372e-08 2.27305765405e-11 -1.76874900528e-08 -4.45984677204e-11 7.29508399249e-09 4.984905438e-11 -9.90977080583e-10 -2.40801294839e-12  #

A_2_4 = 7.79194714078e-10 #
S_2_4 = 3.16285258486e-09 #
P_2_4 = 1 -3.31946474708e-11 0.0958696384737 -9.9549038441e-11 5.46788683102e-07 2.00170621528e-10 -3.99298045237e-08 -1.24340954604e-10 -6.44676413427e-09 1.15513484857e-11 -1.38992760111e-08 -2.00459065698e-11 -9.31823076544e-09 -1.94993442765e-11 2.80028983843e-08 6.79752023428e-11 3.49428257814e-09 -3.97350342285e-11 -1.95068056985e-08 -1.40665240133e-11 7.98971620454e-10 -1.47993092854e-11 -2.80849638943e-09 2.63430685688e-11 2.95381109504e-08 -2.64060861185e-11 -1.16800324372e-08 2.27305765405e-11 -1.76874900528e-08 -4.45984677204e-11 7.29508399249e-09 4.984905438e-11 -9.90977080583e-10 -2.40801294839e-12  #

A_2_5 = 1.44226631881e-09 #
S_2_5 = 2.68479182911e-09 #
P_2_5 = 1 -3.31946474708e-11 0.0958696384737 -9.9549038441e-11 5.46788683102e-07 2.00170621528e-10 -3.99298045237e-08 -1.24340954604e-10 -6.44676413427e-09 1.15513484857e-11 -1.38992760111e-08 -2.00459065698e-11 -9.31823076544e-09 -1.94993442765e-11 2.80028983843e-08 6.79752023428e-11 3.49428257814e-09 -3.97350342285e-11 -1.95068056985e-08 -1.40665240133e-11 7.98971620454e-10 -1.47993092854e-11 -2.80849638943e-09 2.63430685688e-11 2.95381109504e-08 -2.64060861185e-11 -1.16800324372e-08 2.27305765405e-11 -1.76874900528e-08 -4.45984677204e-11 7.29508399249e-09 4.984905438e-11 -9.90977080583e-10 -2.40801294839e-12  #

A_2_6 = 3.8494263777e-09 #
S_2_6 = 1.83281862809e-09 #
P_2_6 = 1 -3.31946474708e-11 0.0958696384737 -9.9549038441e-11 5.46788683102e-07 2.00170621528e-10 -3.99298045237e-08 -1.24340954604e-10 -6.44676413427e-09 1.15513484857e-11 -1.38992760111e-08 -2.00459065698e-11 -9.31823076544e-09 -1.94993442765e-11 2.80028983843e-08 6.79752023428e-11 3.49428257814e-09 -3.97350342285e-11 -1.95068056985e-08 -1.40665240133e-11 7.98971620454e-10 -1.47993092854e-11 -2.80849638943e-09 2.63430685688e-11 2.95381109504e-08 -2.64060861185e-11 -1.16800324372e-08 2.27305765405e-11 -1.76874900528e-08 -4.45984677204e-11 7.29508399249e-09 4.984905438e-11 -9.90977080583e-10 -2.40801294839e-12  #

A_2_7 = 4.08695466567e-09 #
S_2_7 = 1.21183904066e-09 #
P_2_7 = 1 -3.31946474708e-11 0.0958696384737 -9.9549038441e-11 5.46788683102e-07 2.00170621528e-10 -3.99298045237e-08 -1.24340954604e-10 -6.44676413427e-09 1.15513484857e-11 -1.38992760111e-08 -2.00459065698e-11 -9.31823076544e-09 -1.94993442765e-11 2.80028983843e-08 6.79752023428e-11 3.49428257814e-09 -3.97350342285e-11 -1.95068056985e-08 -1.40665240133e-11 7.98971620454e-10 -1.47993092854e-11 -2.80849638943e-09 2.63430685688e-11 2.95381109504e-08 -2.64060861185e-11 -1.16800324372e-08 2.27305765405e-11 -1.76874900528e-08 -4.45984677204e-11 7.29508399249e-09 4.984905438e-11 -9.90977080583e-10 -2.40801294839e-12  #

A_2_8 = 1.94330359913e-09 #
S_2_8 = 9.12290892678e-10 #
P_2_8 = 1 -3.31946474708e-11 0.0958696384737 -9.9549038441e-11 5.46788683102e-07 2.00170621528e-10 -3.99298045237e-08 -1.24340954604e-10 -6.44676413427e-09 1.15513484857e-11 -1.38992760111e-08 -2.00459065698e-11 -9.31823076544e-09 -1.94993442765e-11 2.80028983843e-08 6.79752023428e-11 3.49428257814e-09 -3.97350342285e-11 -1.95068056985e-08 -1.40665240133e-11 7.98971620454e-10 -1.47993092854e-11 -2.80849638943e-09 2.63430685688e-11 2.95381109504e-08 -2.64060861185e-11 -1.16800324372e-08 2.27305765405e-11 -1.76874900528e-08 -4.45984677204e-11 7.29508399249e-09 4.984905438e-11 -9.90977080583e-10 -2.40801294839e-12  #

A_2_9 = 1.62620917388e-09 #
S_2_9 = 8.63982815149e-10 #
P_2_9 = 1 -3.31946474708e-11 0.0958696384737 -9.9549038441e-11 5.46788683102e-07 2.00170621528e-10 -3.99298045237e-08 -1.24340954604e-10 -6.44676413427e-09 1.15513484857e-11 -1.38992760111e-08 -2.00459065698e-11 -9.31823076544e-09 -1.94993442765e-11 2.80028983843e-08 6.79752023428e-11 3.49428257814e-09 -3.97350342285e-11 -1.95068056985e-08 -1.40665240133e-11 7.98971620454e-10 -1.47993092854e-11 -2.80849638943e-09 2.63430685688e-11 2.95381109504e-08 -2.64060861185e-11 -1.16800324372e-08 2.27305765405e-11 -1.76874900528e-08 -4.45984677204e-11 7.29508399249e-09 4.984905438e-11 -9.90977080583e-10 -2.40801294839e-12  #

A_3_1 = 5.46151761447e-10 #
S_3_1 = 1.55842675275e-07 #
P_3_1 = 1 -3.31946474708e-11 0.0958696384737 -9.9549038441e-11 5.46788683102e-07 2.00170621528e-10 -3.99298045237e-08 -1.24340954604e-10 -6.44676413427e-09 1.15513484857e-11 -1.38992760111e-08 -2.00459065698e-11 -9.31823076544e-09 -1.94993442765e-11 2.80028983843e-08 6.79752023428e-11 3.49428257814e-09 -3.97350342285e-11 -1.95068056985e-08 -1.40665240133e-11 7.98971620454e-10 -1.47993092854e-11 -2.80849638943e-09 2.63430685688e-11 2.95381109504e-08 -2.64060861185e-11 -1.16800324372e-08 2.27305765405e-11 -1.76874900528e-08 -4.45984677204e-11 7.29508399249e-09 4.984905438e-11 -9.90977080583e-10 -2.40801294839e-12  #

A_3_2 = 1.30995860107e-09 #
S_3_2 = 1.37815503448e-07 #
P_3_2 = 1 -3.31946474708e-11 0.0958696384737 -9.9549038441e-11 5.46788683102e-07 2.00170621528e-10 -3.99298045237e-08 -1.24340954604e-10 -6.44676413427e-09 1.15513484857e-11 -1.38992760111e-08 -2.00459065698e-11 -9.31823076544e-09 -1.94993442765e-11 2.80028983843e-08 6.79752023428e-11 3.49428257814e-09 -3.97350342285e-11 -1.95068056985e-08 -1.40665240133e-11 7.98971620454e-10 -1.47993092854e-11 -2.80849638943e-09 2.63430685688e-11 2.95381109504e-08 -2.64060861185e-11 -1.16800324372e-08 2.27305765405e-11 -1.76874900528e-08 -4.45984677204e-11 7.29508399249e-09 4.984905438e-11 -9.90977080583e-10 -2.40801294839e-12  #

A_3_3 = 8.76893407356e-09 #
S_3_3 = 1.03011013448e-07 #
P_3_3 = 1 -3.31946474708e-11 0.0958696384737 -9.9549038441e-11 5.46788683102e-07 2.00170621528e-10 -3.99298045237e-08 -1.24340954604e-10 -6.44676413427e-09 1.15513484857e-11 -1.38992760111e-08 -2.00459065698e-11 -9.31823076544e-09 -1.94993442765e-11 2.80028983843e-08 6.79752023428e-11 3.49428257814e-09 -3.97350342285e-11 -1.95068056985e-08 -1.40665240133e-11 7.98971620454e-10 -1.47993092854e-11 -2.80849638943e-09 2.63430685688e-11 2.95381109504e-08 -2.64060861185e-11 -1.16800324372e-08 2.27305765405e-11 -1.76874900528e-08 -4.45984677204e-11 7.29508399249e-09 4.984905438e-11 -9.90977080583e-10 -2.40801294839e-12  #

A_3_4 = 4.2164177669e-08 #
S_3_4 = 6.73972960822e-08 #
P_3_4 = 1 -3.31946474708e-11 0.0958696384737 -9.9549038441e-11 5.46788683102e-07 2.00170621528e-10 -3.99298045237e-08 -1.24340954604e-10 -6.44676413427e-09 1.15513484857e-11 -1.38992760111e-08 -2.00459065698e-11 -9.31823076544e-09 -1.94993442765e-11 2.80028983843e-08 6.79752023428e-11 3.49428257814e-09 -3.97350342285e-11 -1.95068056985e-08 -1.40665240133e-11 7.98971620454e-10 -1.47993092854e-11 -2.80849638943e-09 2.63430685688e-11 2.95381109504e-08 -2.64060861185e-11 -1.16800324372e-08 2.27305765405e-11 -1.76874900528e-08 -4.45984677204e-11 7.29508399249e-09 4.984905438e-11 -9.90977080583e-10 -2.40801294839e-12  #

A_3_5 = 7.80429276068e-08 #
S_3_5 = 5.72102888044e-08 #
P_3_5 = 1 -3.31946474708e-11 0.0958696384737 -9.9549038441e-11 5.46788683102e-07 2.00170621528e-10 -3.99298045237e-08 -1.24340954604e-10 -6.44676413427e-09 1.15513484857e-11 -1.38992760111e-08 -2.00459065698e-11 -9.31823076544e-09 -1.94993442765e-11 2.80028983843e-08 6.79752023428e-11 3.49428257814e-09 -3.97350342285e-11 -1.95068056985e-08 -1.40665240133e-11 7.98971620454e-10 -1.47993092854e-11 -2.80849638943e-09 2.63430685688e-11 2.95381109504e-08 -2.64060861185e-11 -1.16800324372e-08 2.27305765405e-11 -1.76874900528e-08 -4.45984677204e-11 7.29508399249e-09 4.984905438e-11 -9.90977080583e-10 -2.40801294839e-12  #

A_3_6 = 2.08303409363e-07 #
S_3_6 = 3.90555729133e-08 #
P_3_6 = 1 -3.31946474708e-11 0.0958696384737 -9.9549038441e-11 5.46788683102e-07 2.00170621528e-10 -3.99298045237e-08 -1.24340954604e-10 -6.44676413427e-09 1.15513484857e-11 -1.38992760111e-08 -2.00459065698e-11 -9.31823076544e-09 -1.94993442765e-11 2.80028983843e-08 6.79752023428e-11 3.49428257814e-09 -3.97350342285e-11 -1.95068056985e-08 -1.40665240133e-11 7.98971620454e-10 -1.47993092854e-11 -2.80849638943e-09 2.63430685688e-11 2.95381109504e-08 -2.64060861185e-11 -1.16800324372e-08 2.27305765405e-11 -1.76874900528e-08 -4.45984677204e-11 7.29508399249e-09 4.984905438e-11 -9.90977080583e-10 -2.40801294839e-12  #

A_3_7 = 2.21156737433e-07 #
S_3_7 = 2.58231050724e-08 #
P_3_7 = 1 -3.31946474708e-11 0.0958696384737 -9.9549038441e-11 5.46788683102e-07 2.00170621528e-10 -3.99298045237e-08 -1.24340954604e-10 -6.44676413427e-09 1.15513484857e-11 -1.38992760111e-08 -2.00459065698e-11 -9.31823076544e-09 -1.94993442765e-11 2.80028983843e-08 6.79752023428e-11 3.49428257814e-09 -3.97350342285e-11 -1.95068056985e-08 -1.40665240133e-11 7.98971620454e-10 -1.47993092854e-11 -2.80849638943e-09 2.63430685688e-11 2.95381109504e-08 -2.64060861185e-11 -1.16800324372e-08 2.27305765405e-11 -1.76874900528e-08 -4.45984677204e-11 7.29508399249e-09 4.984905438e-11 -9.90977080583e-10 -2.40801294839e-12  #

A_3_8 = 1.05156568875e-07 #
S_3_8 = 1.94400269242e-08 #
P_3_8 = 1 -3.31946474708e-11 0.0958696384737 -9.9549038441e-11 5.46788683102e-07 2.00170621528e-10 -3.99298045237e-08 -1.24340954604e-10 -6.44676413427e-09 1.15513484857e-11 -1.38992760111e-08 -2.00459065698e-11 -9.31823076544e-09 -1.94993442765e-11 2.80028983843e-08 6.79752023428e-11 3.49428257814e-09 -3.97350342285e-11 -1.95068056985e-08 -1.40665240133e-11 7.98971620454e-10 -1.47993092854e-11 -2.80849638943e-09 2.63430685688e-11 2.95381109504e-08 -2.64060861185e-11 -1.16800324372e-08 2.27305765405e-11 -1.76874900528e-08 -4.45984677204e-11 7.29508399249e-09 4.984905438e-11 -9.90977080583e-10 -2.40801294839e-12  #

A_3_9 = 8.7998833432e-08 #
S_3_9 = 1.84106290256e-08 #
P_3_9 = 1 -3.31946474708e-11 0.0958696384737 -9.9549038441e-11 5.46788683102e-07 2.00170621528e-10 -3.99298045237e-08 -1.24340954604e-10 -6.44676413427e-09 1.15513484857e-11 -1.38992760111e-08 -2.00459065698e-11 -9.31823076544e-09 -1.94993442765e-11 2.80028983843e-08 6.79752023428e-11 3.49428257814e-09 -3.97350342285e-11 -1.95068056985e-08 -1.40665240133e-11 7.98971620454e-10 -1.47993092854e-11 -2.80849638943e-09 2.63430685688e-11 2.95381109504e-08 -2.64060861185e-11 -1.16800324372e-08 2.27305765405e-11 -1.76874900528e-08 -4.45984677204e-11 7.29508399249e-09 4.984905438e-11 -9.90977080583e-10 -2.40801294839e-12  #

A_4_1 = 3.13709723551e-09 #
S_4_1 = 1.20323024895e-06 #
P_4_1 = 1 -3.31946474708e-11 0.0958696384737 -9.9549038441e-11 5.46788683102e-07 2.00170621528e-10 -3.99298045237e-08 -1.24340954604e-10 -6.44676413427e-09 1.15513484857e-11 -1.38992760111e-08 -2.00459065698e-11 -9.31823076544e-09 -1.94993442765e-11 2.80028983843e-08 6.79752023428e-11 3.49428257814e-09 -3.97350342285e-11 -1.95068056985e-08 -1.40665240133e-11 7.98971620454e-10 -1.47993092854e-11 -2.80849638943e-09 2.63430685688e-11 2.95381109504e-08 -2.64060861185e-11 -1.16800324372e-08 2.27305765405e-11 -1.76874900528e-08 -4.45984677204e-11 7.29508399249e-09 4.984905438e-11 -9.90977080583e-10 -2.40801294839e-12  #

A_4_2 = 7.52405747868e-09 #
S_4_2 = 1.06404604664e-06 #
P_4_2 = 1 -3.31946474708e-11 0.0958696384737 -9.9549038441e-11 5.46788683102e-07 2.00170621528e-10 -3.99298045237e-08 -1.24340954604e-10 -6.44676413427e-09 1.15513484857e-11 -1.38992760111e-08 -2.00459065698e-11 -9.31823076544e-09 -1.94993442765e-11 2.80028983843e-08 6.79752023428e-11 3.49428257814e-09 -3.97350342285e-11 -1.95068056985e-08 -1.40665240133e-11 7.98971620454e-10 -1.47993092854e-11 -2.80849638943e-09 2.63430685688e-11 2.95381109504e-08 -2.64060861185e-11 -1.16800324372e-08 2.27305765405e-11 -1.76874900528e-08 -4.45984677204e-11 7.29508399249e-09 4.984905438e-11 -9.90977080583e-10 -2.40801294839e-12  #

A_4_3 = 5.03669135974e-08 #
S_4_3 = 7.95327513066e-07 #
P_4_3 = 1 -3.31946474708e-11 0.0958696384737 -9.9549038441e-11 5.46788683102e-07 2.00170621528e-10 -3.99298045237e-08 -1.24340954604e-10 -6.44676413427e-09 1.15513484857e-11 -1.38992760111e-08 -2.00459065698e-11 -9.31823076544e-09 -1.94993442765e-11 2.80028983843e-08 6.79752023428e-11 3.49428257814e-09 -3.97350342285e-11 -1.95068056985e-08 -1.40665240133e-11 7.98971620454e-10 -1.47993092854e-11 -2.80849638943e-09 2.63430685688e-11 2.95381109504e-08 -2.64060861185e-11 -1.16800324372e-08 2.27305765405e-11 -1.76874900528e-08 -4.45984677204e-11 7.29508399249e-09 4.984905438e-11 -9.90977080583e-10 -2.40801294839e-12  #

A_4_4 = 2.4218006894e-07 #
S_4_4 = 5.2036109622e-07 #
P_4_4 = 1 -3.31946474708e-11 0.0958696384737 -9.9549038441e-11 5.46788683102e-07 2.00170621528e-10 -3.99298045237e-08 -1.24340954604e-10 -6.44676413427e-09 1.15513484857e-11 -1.38992760111e-08 -2.00459065698e-11 -9.31823076544e-09 -1.94993442765e-11 2.80028983843e-08 6.79752023428e-11 3.49428257814e-09 -3.97350342285e-11 -1.95068056985e-08 -1.40665240133e-11 7.98971620454e-10 -1.47993092854e-11 -2.80849638943e-09 2.63430685688e-11 2.95381109504e-08 -2.64060861185e-11 -1.16800324372e-08 2.27305765405e-11 -1.76874900528e-08 -4.45984677204e-11 7.29508399249e-09 4.984905438e-11 -9.90977080583e-10 -2.40801294839e-12  #

A_4_5 = 4.48259463455e-07 #
S_4_5 = 4.41709242475e-07 #
P_4_5 = 1 -3.31946474708e-11 0.0958696384737 -9.9549038441e-11 5.46788683102e-07 2.00170621528e-10 -3.99298045237e-08 -1.24340954604e-10 -6.44676413427e-09 1.15513484857e-11 -1.38992760111e-08 -2.00459065698e-11 -9.31823076544e-09 -1.94993442765e-11 2.80028983843e-08 6.79752023428e-11 3.49428257814e-09 -3.97350342285e-11 -1.95068056985e-08 -1.40665240133e-11 7.98971620454e-10 -1.47993092854e-11 -2.80849638943e-09 2.63430685688e-11 2.95381109504e-08 -2.64060861185e-11 -1.16800324372e-08 2.27305765405e-11 -1.76874900528e-08 -4.45984677204e-11 7.29508399249e-09 4.984905438e-11 -9.90977080583e-10 -2.40801294839e-12  #

A_4_6 = 1.19643969604e-06 #
S_4_6 = 3.01540297847e-07 #
P_4_6 = 1 -3.31946474708e-11 0.0958696384737 -9.9549038441e-11 5.46788683102e-07 2.00170621528e-10 -3.99298045237e-08 -1.24340954604e-10 -6.44676413427e-09 1.15513484857e-11 -1.38992760111e-08 -2.00459065698e-11 -9.31823076544e-09 -1.94993442765e-11 2.80028983843e-08 6.79752023428e-11 3.49428257814e-09 -3.97350342285e-11 -1.95068056985e-08 -1.40665240133e-11 7.98971620454e-10 -1.47993092854e-11 -2.80849638943e-09 2.63430685688e-11 2.95381109504e-08 -2.64060861185e-11 -1.16800324372e-08 2.27305765405e-11 -1.76874900528e-08 -4.45984677204e-11 7.29508399249e-09 4.984905438e-11 -9.90977080583e-10 -2.40801294839e-12  #

A_4_7 = 1.27026584807e-06 #
S_4_7 = 1.99375049808e-07 #
P_4_7 = 1 -3.31946474708e-11 0.0958696384737 -9.9549038441e-11 5.46788683102e-07 2.00170621528e-10 -3.99298045237e-08 -1.24340954604e-10 -6.44676413427e-09 1.15513484857e-11 -1.38992760111e-08 -2.00459065698e-11 -9.31823076544e-09 -1.94993442765e-11 2.80028983843e-08 6.79752023428e-11 3.49428257814e-09 -3.97350342285e-11 -1.95068056985e-08 -1.40665240133e-11 7.98971620454e-10 -1.47993092854e-11 -2.80849638943e-09 2.63430685688e-11 2.95381109504e-08 -2.64060861185e-11 -1.16800324372e-08 2.27305765405e-11 -1.76874900528e-08 -4.45984677204e-11 7.29508399249e-09 4.984905438e-11 -9.90977080583e-10 -2.40801294839e-12  #

A_4_8 = 6.03992294603e-07 #
S_4_8 = 1.50092575056e-07 #
P_4_8 = 1 -3.31946474708e-11 0.0958696384737 -9.9549038441e-11 5.46788683102e-07 2.00170621528e-10 -3.99298045237e-08 -1.24340954604e-10 -6.44676413427e-09 1.15513484857e-11 -1.38992760111e-08 -2.00459065698e-11 -9.31823076544e-09 -1.94993442765e-11 2.80028983843e-08 6.79752023428e-11 3.49428257814e-09 -3.97350342285e-11 -1.95068056985e-08 -1.40665240133e-11 7.98971620454e-10 -1.47993092854e-11 -2.80849638943e-09 2.63430685688e-11 2.95381109504e-08 -2.64060861185e-11 -1.16800324372e-08 2.27305765405e-11 -1.76874900528e-08 -4.45984677204e-11 7.29508399249e-09 4.984905438e-11 -9.90977080583e-10 -2.40801294839e-12  #

A_4_9 = 5.05442006561e-07 #
S_4_9 = 1.42144798957e-07 #
P_4_9 = 1 -3.31946474708e-11 0.0958696384737 -9.9549038441e-11 5.46788683102e-07 2.00170621528e-10 -3.99298045237e-08 -1.24340954604e-10 -6.44676413427e-09 1.15513484857e-11 -1.38992760111e-08 -2.00459065698e-11 -9.31823076544e-09 -1.94993442765e-11 2.80028983843e-08 6.79752023428e-11 3.49428257814e-09 -3.97350342285e-11 -1.95068056985e-08 -1.40665240133e-11 7.98971620454e-10 -1.47993092854e-11 -2.80849638943e-09 2.63430685688e-11 2.95381109504e-08 -2.64060861185e-11 -1.16800324372e-08 2.27305765405e-11 -1.76874900528e-08 -4.45984677204e-11 7.29508399249e-09 4.984905438e-11 -9.90977080583e-10 -2.40801294839e-12  #

A_5_1 = 3.49925220573e-09 #
S_5_1 = 4.78471755825e-06 #
P_5_1 = 1 -3.31946474708e-11 0.0958696384737 -9.9549038441e-11 5.46788683102e-07 2.00170621528e-10 -3.99298045237e-08 -1.24340954604e-10 -6.44676413427e-09 1.15513484857e-11 -1.38992760111e-08 -2.00459065698e-11 -9.31823076544e-09 -1.94993442765e-11 2.80028983843e-08 6.79752023428e-11 3.49428257814e-09 -3.97350342285e-11 -1.95068056985e-08 -1.40665240133e-11 7.98971620454e-10 -1.47993092854e-11 -2.80849638943e-09 2.63430685688e-11 2.95381109504e-08 -2.64060861185e-11 -1.16800324372e-08 2.27305765405e-11 -1.76874900528e-08 -4.45984677204e-11 7.29508399249e-09 4.984905438e-11 -9.90977080583e-10 -2.40801294839e-12  #

A_5_2 = 8.37520888693e-09 #
S_5_2 = 4.23124319436e-06 #
P_5_2 = 1 -3.31946474708e-11 0.0958696384737 -9.9549038441e-11 5.46788683102e-07 2.00170621528e-10 -3.99298045237e-08 -1.24340954604e-10 -6.44676413427e-09 1.15513484857e-11 -1.38992760111e-08 -2.00459065698e-11 -9.31823076544e-09 -1.94993442765e-11 2.80028983843e-08 6.79752023428e-11 3.49428257814e-09 -3.97350342285e-11 -1.95068056985e-08 -1.40665240133e-11 7.98971620454e-10 -1.47993092854e-11 -2.80849638943e-09 2.63430685688e-11 2.95381109504e-08 -2.64060861185e-11 -1.16800324372e-08 2.27305765405e-11 -1.76874900528e-08 -4.45984677204e-11 7.29508399249e-09 4.984905438e-11 -9.90977080583e-10 -2.40801294839e-12  #

A_5_3 = 5.60878699189e-08 #
S_5_3 = 3.16266776008e-06 #
P_5_3 = 1 -3.31946474708e-11 0.0958696384737 -9.9549038441e-11 5.46788683102e-07 2.00170621528e-10 -3.99298045237e-08 -1.24340954604e-10 -6.44676413427e-09 1.15513484857e-11 -1.38992760111e-08 -2.00459065698e-11 -9.31823076544e-09 -1.94993442765e-11 2.80028983843e-08 6.79752023428e-11 3.49428257814e-09 -3.97350342285e-11 -1.95068056985e-08 -1.40665240133e-11 7.98971620454e-10 -1.47993092854e-11 -2.80849638943e-09 2.63430685688e-11 2.95381109504e-08 -2.64060861185e-11 -1.16800324372e-08 2.27305765405e-11 -1.76874900528e-08 -4.45984677204e-11 7.29508399249e-09 4.984905438e-11 -9.90977080583e-10 -2.40801294839e-12  #

A_5_4 = 2.69582873366e-07 #
S_5_4 = 2.06924724165e-06 #
P_5_4 = 1 -3.31946474708e-11 0.0958696384737 -9.9549038441e-11 5.46788683102e-07 2.00170621528e-10 -3.99298045237e-08 -1.24340954604e-10 -6.44676413427e-09 1.15513484857e-11 -1.38992760111e-08 -2.00459065698e-11 -9.31823076544e-09 -1.94993442765e-11 2.80028983843e-08 6.79752023428e-11 3.49428257814e-09 -3.97350342285e-11 -1.95068056985e-08 -1.40665240133e-11 7.98971620454e-10 -1.47993092854e-11 -2.80849638943e-09 2.63430685688e-11 2.95381109504e-08 -2.64060861185e-11 -1.16800324372e-08 2.27305765405e-11 -1.76874900528e-08 -4.45984677204e-11 7.29508399249e-09 4.984905438e-11 -9.90977080583e-10 -2.40801294839e-12  #

A_5_5 = 4.99039786209e-07 #
S_5_5 = 1.75648340785e-06 #
P_5_5 = 1 -3.31946474708e-11 0.0958696384737 -9.9549038441e-11 5.46788683102e-07 2.00170621528e-10 -3.99298045237e-08 -1.24340954604e-10 -6.44676413427e-09 1.15513484857e-11 -1.38992760111e-08 -2.00459065698e-11 -9.31823076544e-09 -1.94993442765e-11 2.80028983843e-08 6.79752023428e-11 3.49428257814e-09 -3.97350342285e-11 -1.95068056985e-08 -1.40665240133e-11 7.98971620454e-10 -1.47993092854e-11 -2.80849638943e-09 2.63430685688e-11 2.95381109504e-08 -2.64060861185e-11 -1.16800324372e-08 2.27305765405e-11 -1.76874900528e-08 -4.45984677204e-11 7.29508399249e-09 4.984905438e-11 -9.90977080583e-10 -2.40801294839e-12  #

A_5_6 = 1.33177216065e-06 #
S_5_6 = 1.19909315684e-06 #
P_5_6 = 1 -3.31946474708e-11 0.0958696384737 -9.9549038441e-11 5.46788683102e-07 2.00170621528e-10 -3.99298045237e-08 -1.24340954604e-10 -6.44676413427e-09 1.15513484857e-11 -1.38992760111e-08 -2.00459065698e-11 -9.31823076544e-09 -1.94993442765e-11 2.80028983843e-08 6.79752023428e-11 3.49428257814e-09 -3.97350342285e-11 -1.95068056985e-08 -1.40665240133e-11 7.98971620454e-10 -1.47993092854e-11 -2.80849638943e-09 2.63430685688e-11 2.95381109504e-08 -2.64060861185e-11 -1.16800324372e-08 2.27305765405e-11 -1.76874900528e-08 -4.45984677204e-11 7.29508399249e-09 4.984905438e-11 -9.90977080583e-10 -2.40801294839e-12  #

A_5_7 = 1.41394664364e-06 #
S_5_7 = 7.9282689437e-07 #
P_5_7 = 1 -3.31946474708e-11 0.0958696384737 -9.9549038441e-11 5.46788683102e-07 2.00170621528e-10 -3.99298045237e-08 -1.24340954604e-10 -6.44676413427e-09 1.15513484857e-11 -1.38992760111e-08 -2.00459065698e-11 -9.31823076544e-09 -1.94993442765e-11 2.80028983843e-08 6.79752023428e-11 3.49428257814e-09 -3.97350342285e-11 -1.95068056985e-08 -1.40665240133e-11 7.98971620454e-10 -1.47993092854e-11 -2.80849638943e-09 2.63430685688e-11 2.95381109504e-08 -2.64060861185e-11 -1.16800324372e-08 2.27305765405e-11 -1.76874900528e-08 -4.45984677204e-11 7.29508399249e-09 4.984905438e-11 -9.90977080583e-10 -2.40801294839e-12  #

A_5_8 = 6.72350182433e-07 #
S_5_8 = 5.96852165127e-07 #
P_5_8 = 1 -3.31946474708e-11 0.0958696384737 -9.9549038441e-11 5.46788683102e-07 2.00170621528e-10 -3.99298045237e-08 -1.24340954604e-10 -6.44676413427e-09 1.15513484857e-11 -1.38992760111e-08 -2.00459065698e-11 -9.31823076544e-09 -1.94993442765e-11 2.80028983843e-08 6.79752023428e-11 3.49428257814e-09 -3.97350342285e-11 -1.95068056985e-08 -1.40665240133e-11 7.98971620454e-10 -1.47993092854e-11 -2.80849638943e-09 2.63430685688e-11 2.95381109504e-08 -2.64060861185e-11 -1.16800324372e-08 2.27305765405e-11 -1.76874900528e-08 -4.45984677204e-11 7.29508399249e-09 4.984905438e-11 -9.90977080583e-10 -2.40801294839e-12  #

A_5_9 = 5.62612851374e-07 #
S_5_9 = 5.65247354756e-07 #
P_5_9 = 1 -3.31946474708e-11 0.0958696384737 -9.9549038441e-11 5.46788683102e-07 2.00170621528e-10 -3.99298045237e-08 -1.24340954604e-10 -6.44676413427e-09 1.15513484857e-11 -1.38992760111e-08 -2.00459065698e-11 -9.31823076544e-09 -1.94993442765e-11 2.80028983843e-08 6.79752023428e-11 3.49428257814e-09 -3.97350342285e-11 -1.95068056985e-08 -1.40665240133e-11 7.98971620454e-10 -1.47993092854e-11 -2.80849638943e-09 2.63430685688e-11 2.95381109504e-08 -2.64060861185e-11 -1.16800324372e-08 2.27305765405e-11 -1.76874900528e-08 -4.45984677204e-11 7.29508399249e-09 4.984905438e-11 -9.90977080583e-10 -2.40801294839e-12  #

A_6_1 = 2.43125129862e-09 #
S_6_1 = 7.89440347483e-06 #
P_6_1 = 1 -3.31946474708e-11 0.0958696384737 -9.9549038441e-11 5.46788683102e-07 2.00170621528e-10 -3.99298045237e-08 -1.24340954604e-10 -6.44676413427e-09 1.15513484857e-11 -1.38992760111e-08 -2.00459065698e-11 -9.31823076544e-09 -1.94993442765e-11 2.80028983843e-08 6.79752023428e-11 3.49428257814e-09 -3.97350342285e-11 -1.95068056985e-08 -1.40665240133e-11 7.98971620454e-10 -1.47993092854e-11 -2.80849638943e-09 2.63430685688e-11 2.95381109504e-08 -2.64060861185e-11 -1.16800324372e-08 2.27305765405e-11 -1.76874900528e-08 -4.45984677204e-11 7.29508399249e-09 4.984905438e-11 -9.90977080583e-10 -2.40801294839e-12  #

A_6_2 = 5.80467420325e-09 #
S_6_2 = 6.98121478906e-06 #
P_6_2 = 1 -3.31946474708e-11 0.0958696384737 -9.9549038441e-11 5.46788683102e-07 2.00170621528e-10 -3.99298045237e-08 -1.24340954604e-10 -6.44676413427e-09 1.15513484857e-11 -1.38992760111e-08 -2.00459065698e-11 -9.31823076544e-09 -1.94993442765e-11 2.80028983843e-08 6.79752023428e-11 3.49428257814e-09 -3.97350342285e-11 -1.95068056985e-08 -1.40665240133e-11 7.98971620454e-10 -1.47993092854e-11 -2.80849638943e-09 2.63430685688e-11 2.95381109504e-08 -2.64060861185e-11 -1.16800324372e-08 2.27305765405e-11 -1.76874900528e-08 -4.45984677204e-11 7.29508399249e-09 4.984905438e-11 -9.90977080583e-10 -2.40801294839e-12  #

A_6_3 = 3.88924199864e-08 #
S_6_3 = 5.21815030048e-06 #
P_6_3 = 1 -3.31946474708e-11 0.0958696384737 -9.9549038441e-11 5.46788683102e-07 2.00170621528e-10 -3.99298045237e-08 -1.24340954604e-10 -6.44676413427e-09 1.15513484857e-11 -1.38992760111e-08 -2.00459065698e-11 -9.31823076544e-09 -1.94993442765e-11 2.80028983843e-08 6.79752023428e-11 3.49428257814e-09 -3.97350342285e-11 -1.95068056985e-08 -1.40665240133e-11 7.98971620454e-10 -1.47993092854e-11 -2.80849638943e-09 2.63430685688e-11 2.95381109504e-08 -2.64060861185e-11 -1.16800324372e-08 2.27305765405e-11 -1.76874900528e-08 -4.45984677204e-11 7.29508399249e-09 4.984905438e-11 -9.90977080583e-10 -2.40801294839e-12  #

A_6_4 = 1.86847288288e-07 #
S_6_4 = 3.41409340223e-06 #
P_6_4 = 1 -3.31946474708e-11 0.0958696384737 -9.9549038441e-11 5.46788683102e-07 2.00170621528e-10 -3.99298045237e-08 -1.24340954604e-10 -6.44676413427e-09 1.15513484857e-11 -1.38992760111e-08 -2.00459065698e-11 -9.31823076544e-09 -1.94993442765e-11 2.80028983843e-08 6.79752023428e-11 3.49428257814e-09 -3.97350342285e-11 -1.95068056985e-08 -1.40665240133e-11 7.98971620454e-10 -1.47993092854e-11 -2.80849638943e-09 2.63430685688e-11 2.95381109504e-08 -2.64060861185e-11 -1.16800324372e-08 2.27305765405e-11 -1.76874900528e-08 -4.45984677204e-11 7.29508399249e-09 4.984905438e-11 -9.90977080583e-10 -2.40801294839e-12  #

A_6_5 = 3.45932366512e-07 #
S_6_5 = 2.89805792862e-06 #
P_6_5 = 1 -3.31946474708e-11 0.0958696384737 -9.9549038441e-11 5.46788683102e-07 2.00170621528e-10 -3.99298045237e-08 -1.24340954604e-10 -6.44676413427e-09 1.15513484857e-11 -1.38992760111e-08 -2.00459065698e-11 -9.31823076544e-09 -1.94993442765e-11 2.80028983843e-08 6.79752023428e-11 3.49428257814e-09 -3.97350342285e-11 -1.95068056985e-08 -1.40665240133e-11 7.98971620454e-10 -1.47993092854e-11 -2.80849638943e-09 2.63430685688e-11 2.95381109504e-08 -2.64060861185e-11 -1.16800324372e-08 2.27305765405e-11 -1.76874900528e-08 -4.45984677204e-11 7.29508399249e-09 4.984905438e-11 -9.90977080583e-10 -2.40801294839e-12  #

A_6_6 = 9.23011002604e-07 #
S_6_6 = 1.97840835698e-06 #
P_6_6 = 1 -3.31946474708e-11 0.0958696384737 -9.9549038441e-11 5.46788683102e-07 2.00170621528e-10 -3.99298045237e-08 -1.24340954604e-10 -6.44676413427e-09 1.15513484857e-11 -1.38992760111e-08 -2.00459065698e-11 -9.31823076544e-09 -1.94993442765e-11 2.80028983843e-08 6.79752023428e-11 3.49428257814e-09 -3.97350342285e-11 -1.95068056985e-08 -1.40665240133e-11 7.98971620454e-10 -1.47993092854e-11 -2.80849638943e-09 2.63430685688e-11 2.95381109504e-08 -2.64060861185e-11 -1.16800324372e-08 2.27305765405e-11 -1.76874900528e-08 -4.45984677204e-11 7.29508399249e-09 4.984905438e-11 -9.90977080583e-10 -2.40801294839e-12  #

A_6_7 = 9.79961668043e-07 #
S_6_7 = 1.3081013237e-06 #
P_6_7 = 1 -3.31946474708e-11 0.0958696384737 -9.9549038441e-11 5.46788683102e-07 2.00170621528e-10 -3.99298045237e-08 -1.24340954604e-10 -6.44676413427e-09 1.15513484857e-11 -1.38992760111e-08 -2.00459065698e-11 -9.31823076544e-09 -1.94993442765e-11 2.80028983843e-08 6.79752023428e-11 3.49428257814e-09 -3.97350342285e-11 -1.95068056985e-08 -1.40665240133e-11 7.98971620454e-10 -1.47993092854e-11 -2.80849638943e-09 2.63430685688e-11 2.95381109504e-08 -2.64060861185e-11 -1.16800324372e-08 2.27305765405e-11 -1.76874900528e-08 -4.45984677204e-11 7.29508399249e-09 4.984905438e-11 -9.90977080583e-10 -2.40801294839e-12  #

A_6_8 = 4.66017448762e-07 #
S_6_8 = 9.84758605825e-07 #
P_6_8 = 1 -3.31946474708e-11 0.0958696384737 -9.9549038441e-11 5.46788683102e-07 2.00170621528e-10 -3.99298045237e-08 -1.24340954604e-10 -6.44676413427e-09 1.15513484857e-11 -1.38992760111e-08 -2.00459065698e-11 -9.31823076544e-09 -1.94993442765e-11 2.80028983843e-08 6.79752023428e-11 3.49428257814e-09 -3.97350342285e-11 -1.95068056985e-08 -1.40665240133e-11 7.98971620454e-10 -1.47993092854e-11 -2.80849638943e-09 2.63430685688e-11 2.95381109504e-08 -2.64060861185e-11 -1.16800324372e-08 2.27305765405e-11 -1.76874900528e-08 -4.45984677204e-11 7.29508399249e-09 4.984905438e-11 -9.90977080583e-10 -2.40801294839e-12  #

A_6_9 = 3.89929094963e-07 #
S_6_9 = 9.32613184681e-07 #
P_6_9 = 1 -3.31946474708e-11 0.0958696384737 -9.9549038441e-11 5.46788683102e-07 2.00170621528e-10 -3.99298045237e-08 -1.24340954604e-10 -6.44676413427e-09 1.15513484857e-11 -1.38992760111e-08 -2.00459065698e-11 -9.31823076544e-09 -1.94993442765e-11 2.80028983843e-08 6.79752023428e-11 3.49428257814e-09 -3.97350342285e-11 -1.95068056985e-08 -1.40665240133e-11 7.98971620454e-10 -1.47993092854e-11 -2.80849638943e-09 2.63430685688e-11 2.95381109504e-08 -2.64060861185e-11 -1.16800324372e-08 2.27305765405e-11 -1.76874900528e-08 -4.45984677204e-11 7.29508399249e-09 4.984905438e-11 -9.90977080583e-10 -2.40801294839e-12  #

A_7_1 = 3.00862035757e-09 #
S_7_1 = 1.31920580583e-05 #
P_7_1 = 1 -3.31946474708e-11 0.0958696384737 -9.9549038441e-11 5.46788683102e-07 2.00170621528e-10 -3.99298045237e-08 -1.24340954604e-10 -6.44676413427e-09 1.15513484857e-11 -1.38992760111e-08 -2.00459065698e-11 -9.31823076544e-09 -1.94993442765e-11 2.80028983843e-08 6.79752023428e-11 3.49428257814e-09 -3.97350342285e-11 -1.95068056985e-08 -1.40665240133e-11 7.98971620454e-10 -1.47993092854e-11 -2.80849638943e-09 2.63430685688e-11 2.95381109504e-08 -2.64060861185e-11 -1.16800324372e-08 2.27305765405e-11 -1.76874900528e-08 -4.45984677204e-11 7.29508399249e-09 4.984905438e-11 -9.90977080583e-10 -2.40801294839e-12  #

A_7_2 = 3.22078922829e-09 #
S_7_2 = 1.16660607861e-05 #
P_7_2 = 1 -3.31946474708e-11 0.0958696384737 -9.9549038441e-11 5.46788683102e-07 2.00170621528e-10 -3.99298045237e-08 -1.24340954604e-10 -6.44676413427e-09 1.15513484857e-11 -1.38992760111e-08 -2.00459065698e-11 -9.31823076544e-09 -1.94993442765e-11 2.80028983843e-08 6.79752023428e-11 3.49428257814e-09 -3.97350342285e-11 -1.95068056985e-08 -1.40665240133e-11 7.98971620454e-10 -1.47993092854e-11 -2.80849638943e-09 2.63430685688e-11 2.95381109504e-08 -2.64060861185e-11 -1.16800324372e-08 2.27305765405e-11 -1.76874900528e-08 -4.45984677204e-11 7.29508399249e-09 4.984905438e-11 -9.90977080583e-10 -2.40801294839e-12  #

A_7_3 = 2.84244591953e-08 #
S_7_3 = 8.71986615768e-06 #
P_7_3 = 1 -3.31946474708e-11 0.0958696384737 -9.9549038441e-11 5.46788683102e-07 2.00170621528e-10 -3.99298045237e-08 -1.24340954604e-10 -6.44676413427e-09 1.15513484857e-11 -1.38992760111e-08 -2.00459065698e-11 -9.31823076544e-09 -1.94993442765e-11 2.80028983843e-08 6.79752023428e-11 3.49428257814e-09 -3.97350342285e-11 -1.95068056985e-08 -1.40665240133e-11 7.98971620454e-10 -1.47993092854e-11 -2.80849638943e-09 2.63430685688e-11 2.95381109504e-08 -2.64060861185e-11 -1.16800324372e-08 2.27305765405e-11 -1.76874900528e-08 -4.45984677204e-11 7.29508399249e-09 4.984905438e-11 -9.90977080583e-10 -2.40801294839e-12  #

A_7_4 = 1.05832738067e-07 #
S_7_4 = 5.7051705595e-06 #
P_7_4 = 1 -3.31946474708e-11 0.0958696384737 -9.9549038441e-11 5.46788683102e-07 2.00170621528e-10 -3.99298045237e-08 -1.24340954604e-10 -6.44676413427e-09 1.15513484857e-11 -1.38992760111e-08 -2.00459065698e-11 -9.31823076544e-09 -1.94993442765e-11 2.80028983843e-08 6.79752023428e-11 3.49428257814e-09 -3.97350342285e-11 -1.95068056985e-08 -1.40665240133e-11 7.98971620454e-10 -1.47993092854e-11 -2.80849638943e-09 2.63430685688e-11 2.95381109504e-08 -2.64060861185e-11 -1.16800324372e-08 2.27305765405e-11 -1.76874900528e-08 -4.45984677204e-11 7.29508399249e-09 4.984905438e-11 -9.90977080583e-10 -2.40801294839e-12  #

A_7_5 = 2.14803987161e-07 #
S_7_5 = 4.84284198863e-06 #
P_7_5 = 1 -3.31946474708e-11 0.0958696384737 -9.9549038441e-11 5.46788683102e-07 2.00170621528e-10 -3.99298045237e-08 -1.24340954604e-10 -6.44676413427e-09 1.15513484857e-11 -1.38992760111e-08 -2.00459065698e-11 -9.31823076544e-09 -1.94993442765e-11 2.80028983843e-08 6.79752023428e-11 3.49428257814e-09 -3.97350342285e-11 -1.95068056985e-08 -1.40665240133e-11 7.98971620454e-10 -1.47993092854e-11 -2.80849638943e-09 2.63430685688e-11 2.95381109504e-08 -2.64060861185e-11 -1.16800324372e-08 2.27305765405e-11 -1.76874900528e-08 -4.45984677204e-11 7.29508399249e-09 4.984905438e-11 -9.90977080583e-10 -2.40801294839e-12  #

A_7_6 = 5.0751607586e-07 #
S_7_6 = 3.30604813133e-06 #
P_7_6 = 1 -3.31946474708e-11 0.0958696384737 -9.9549038441e-11 5.46788683102e-07 2.00170621528e-10 -3.99298045237e-08 -1.24340954604e-10 -6.44676413427e-09 1.15513484857e-11 -1.38992760111e-08 -2.00459065698e-11 -9.31823076544e-09 -1.94993442765e-11 2.80028983843e-08 6.79752023428e-11 3.49428257814e-09 -3.97350342285e-11 -1.95068056985e-08 -1.40665240133e-11 7.98971620454e-10 -1.47993092854e-11 -2.80849638943e-09 2.63430685688e-11 2.95381109504e-08 -2.64060861185e-11 -1.16800324372e-08 2.27305765405e-11 -1.76874900528e-08 -4.45984677204e-11 7.29508399249e-09 4.984905438e-11 -9.90977080583e-10 -2.40801294839e-12  #

A_7_7 = 5.37469820482e-07 #
S_7_7 = 2.18592180069e-06 #
P_7_7 = 1 -3.31946474708e-11 0.0958696384737 -9.9549038441e-11 5.46788683102e-07 2.00170621528e-10 -3.99298045237e-08 -1.24340954604e-10 -6.44676413427e-09 1.15513484857e-11 -1.38992760111e-08 -2.00459065698e-11 -9.31823076544e-09 -1.94993442765e-11 2.80028983843e-08 6.79752023428e-11 3.49428257814e-09 -3.97350342285e-11 -1.95068056985e-08 -1.40665240133e-11 7.98971620454e-10 -1.47993092854e-11 -2.80849638943e-09 2.63430685688e-11 2.95381109504e-08 -2.64060861185e-11 -1.16800324372e-08 2.27305765405e-11 -1.76874900528e-08 -4.45984677204e-11 7.29508399249e-09 4.984905438e-11 -9.90977080583e-10 -2.40801294839e-12  #

A_7_8 = 2.69166447809e-07 #
S_7_8 = 1.64559523498e-06 #
P_7_8 = 1 -3.31946474708e-11 0.0958696384737 -9.9549038441e-11 5.46788683102e-07 2.00170621528e-10 -3.99298045237e-08 -1.24340954604e-10 -6.44676413427e-09 1.15513484857e-11 -1.38992760111e-08 -2.00459065698e-11 -9.31823076544e-09 -1.94993442765e-11 2.80028983843e-08 6.79752023428e-11 3.49428257814e-09 -3.97350342285e-11 -1.95068056985e-08 -1.40665240133e-11 7.98971620454e-10 -1.47993092854e-11 -2.80849638943e-09 2.63430685688e-11 2.95381109504e-08 -2.64060861185e-11 -1.16800324372e-08 2.27305765405e-11 -1.76874900528e-08 -4.45984677204e-11 7.29508399249e-09 4.984905438e-11 -9.90977080583e-10 -2.40801294839e-12  #

A_7_9 = 2.140451953e-07 #
S_7_9 = 1.55845686407e-06 #
P_7_9 = 1 -3.31946474708e-11 0.0958696384737 -9.9549038441e-11 5.46788683102e-07 2.00170621528e-10 -3.99298045237e-08 -1.24340954604e-10 -6.44676413427e-09 1.15513484857e-11 -1.38992760111e-08 -2.00459065698e-11 -9.31823076544e-09 -1.94993442765e-11 2.80028983843e-08 6.79752023428e-11 3.49428257814e-09 -3.97350342285e-11 -1.95068056985e-08 -1.40665240133e-11 7.98971620454e-10 -1.47993092854e-11 -2.80849638943e-09 2.63430685688e-11 2.95381109504e-08 -2.64060861185e-11 -1.16800324372e-08 2.27305765405e-11 -1.76874900528e-08 -4.45984677204e-11 7.29508399249e-09 4.984905438e-11 -9.90977080583e-10 -2.40801294839e-12  #

A_8_1 = 1.97524093006e-07 #
S_8_1 = 2.92157379045e-05 #
P_8_1 = 1 0.197509731658 0.183730951297 0.0726048079553 0.0441875593674 0.0270587645887 0.0166918833075 0.0103591204081 0.00646358120392 0.00405449224498 0.00255585260286 0.00161809756351 0.00102834718432 0.000655825144619 0.000419558531544 0.000269022318274 0.000172846958057 0.000111202508978 7.16576062134e-05 4.63333598859e-05 3.01265680834e-05 1.97476648943e-05 1.30783965796e-05 8.69183518682e-06 5.76741403914e-06 3.65960258103e-06 2.19531866842e-06 1.21267284543e-06 5.987545173e-07 3.13271066207e-07 2.22045693219e-07 1.98249625337e-07 1.75206639664e-07 1.35532057261e-07  #

A_8_2 = 1.72445063732e-07 #
S_8_2 = 2.64550639426e-05 #
P_8_2 = 1 0.191417011535 0.178686753905 0.0682797624879 0.0409514884959 0.0247424957414 0.0150814223057 0.00925774944409 0.00571831656987 0.00355405308133 0.0022215322423 0.00139546255619 0.000880388015222 0.000557628546828 0.000354443271102 0.000225868377627 0.000144257904085 9.22680406179e-05 5.91148316439e-05 3.80197006067e-05 2.46054518589e-05 1.6072423101e-05 1.06239983451e-05 7.05183068384e-06 4.67471081153e-06 2.94010366127e-06 1.72984555284e-06 9.20210177189e-07 4.18289666834e-07 2.03966879718e-07 1.54005310973e-07 1.55147204854e-07 1.49568487382e-07 1.20772230566e-07  #

A_8_3 = 2.68308429693e-07 #
S_8_3 = 2.10575238535e-05 #
P_8_3 = 1 0.2111701921 0.184943983263 0.0734694858909 0.0435761609711 0.0260844140972 0.0157793109486 0.00962173665649 0.00590715029868 0.00365122238383 0.00227058060225 0.00141923640641 0.000891069170487 0.000561720931768 0.000355369374943 0.000225397992895 0.000143278632922 9.12050469693e-05 5.81513586171e-05 3.72227073912e-05 2.39809812659e-05 1.56046186603e-05 1.02839616536e-05 6.80909259714e-06 4.50050399991e-06 2.81178935862e-06 1.63027242237e-06 8.41728225706e-07 3.56149289701e-07 1.59031135164e-07 1.23512071249e-07 1.36881645698e-07 1.41171564829e-07 1.14005168525e-07  #

A_8_4 = 3.45545864507e-07 #
S_8_4 = 1.53112229236e-05 #
P_8_4 = 1 0.247975804704 0.197824181839 0.0843308135691 0.0495420059615 0.0294450345463 0.0177196713958 0.0107559210492 0.00657570755865 0.00404861832979 0.00250810827545 0.00156156807623 0.000976468062863 0.000612992801621 0.000386136290023 0.000243829017381 0.000154285388333 9.77507468981e-05 6.20240486193e-05 3.95075204642e-05 2.53290730507e-05 1.64090935685e-05 1.07715131741e-05 7.10701096914e-06 4.67681271961e-06 2.90484045891e-06 1.66254541465e-06 8.35180662422e-07 3.28848727016e-07 1.2961894352e-07 1.00014604894e-07 1.22922726423e-07 1.36390744352e-07 1.07494383292e-07  #

A_8_5 = 4.51732598641e-07 #
S_8_5 = 1.35915769599e-05 #
P_8_5 = 1 0.254988986036 0.198819244745 0.085267085423 0.0496987508329 0.0293483606452 0.0175699272308 0.0106150634544 0.00646147530976 0.00396263753036 0.00244585783887 0.00151746204218 0.000945669732988 0.000591713776805 0.00037154392444 0.00023387793929 0.000147528182276 9.31783808522e-05 5.89375840878e-05 3.74289457296e-05 2.39304967874e-05 1.54698321338e-05 1.01410725956e-05 6.68457866855e-06 4.39401338502e-06 2.71648136016e-06 1.53713064129e-06 7.52748250994e-07 2.74693811538e-07 9.52227271362e-08 7.7934199551e-08 1.09126821708e-07 1.2883342294e-07 1.02060597774e-07  #

A_8_6 = 6.09126149499e-07 #
S_8_6 = 1.04214939331e-05 #
P_8_6 = 1 0.31411828342 0.224531559839 0.106877996242 0.0628907919561 0.0374893897904 0.0226296961456 0.0137681624497 0.00843049109664 0.00519482452342 0.00321807884449 0.00200193804018 0.00124993756248 0.000782996100164 0.000491895153799 0.000309648375439 0.000195245706675 0.000123234809898 7.78776296825e-05 4.93838328354e-05 3.15042949148e-05 2.03016881332e-05 1.32483041628e-05 8.69122719996e-06 5.67790966029e-06 3.51448253137e-06 2.00077496792e-06 9.94311863022e-07 3.80949530903e-07 1.32594390339e-07 8.77604921518e-08 1.13493082134e-07 1.34458313376e-07 9.97016895522e-08  #

A_8_7 = 6.06255734185e-07 #
S_8_7 = 7.7829854633e-06 #
P_8_7 = 1 0.341445604993 0.232664784391 0.11389544074 0.0663704497944 0.0392457636774 0.0235193819894 0.0142047459958 0.00863345354134 0.00528063227314 0.00324675900089 0.00200434456707 0.00124172759885 0.000771746766598 0.000480976486503 0.000300340461963 0.000187829473778 0.00011756790896 7.36672483146e-05 4.63220685306e-05 2.93146891588e-05 1.87610282227e-05 1.21774098962e-05 7.95394147696e-06 5.16901277315e-06 3.16183484668e-06 1.7503005895e-06 8.14087111554e-07 2.50757734064e-07 4.17671220946e-08 2.63013367594e-08 7.52797647348e-08 1.13986407207e-07 8.61727872554e-08  #

A_8_8 = 4.39881449591e-07 #
S_8_8 = 6.38423298604e-06 #
P_8_8 = 1 0.338325699705 0.225877223727 0.108669213021 0.0621254166682 0.0361609084098 0.0213843017761 0.0127536347357 0.00765978840545 0.00463381120153 0.00281958094344 0.001723258123 0.00105730517626 0.000651019165799 0.000402076988653 0.000248848224704 0.000154263529391 9.57098420329e-05 5.94414023857e-05 3.70629878525e-05 2.3280231487e-05 1.48194545344e-05 9.59540151381e-06 6.26146061632e-06 4.0638973577e-06 2.45071976875e-06 1.30359970283e-06 5.43990924041e-07 9.36478729224e-08 -4.64100888585e-08 -2.37998222102e-08 4.60822952439e-08 9.76103626235e-08 7.71163251443e-08  #

A_8_9 = 3.87693428558e-07 #
S_8_9 = 6.12990164247e-06 #
P_8_9 = 1 0.314664776654 0.211885777309 0.0974180390559 0.0546377932095 0.0313082182233 0.0182811802101 0.010777155301 0.00640454263441 0.00383852993891 0.00231617760322 0.00140464723428 0.000855643423672 0.000523355105848 0.000321232271705 0.000197637621876 0.000121820850853 7.51554816747e-05 4.64132657482e-05 2.87935565387e-05 1.80131061921e-05 1.14451567453e-05 7.41885909661e-06 4.85262540647e-06 3.15885945822e-06 1.88364289123e-06 9.66664990729e-07 3.60400112172e-07 4.06134620186e-09 -8.49067418048e-08 -4.02352272731e-08 3.66231159962e-08 9.07115964434e-08 7.40925473065e-08  #

A_9_1 = 1.2170438296e-06 #
S_9_1 = 5.48648810538e-05 #
P_9_1 = 1 0.299986115683 0.251670338738 0.132484545111 0.0881719543625 0.0587322492074 0.0391481051063 0.0261035272391 0.0174090674993 0.01161203235 0.00774592450687 0.005167225265 0.00344716773685 0.00229977223239 0.00153435473342 0.00102355802007 0.000682741742348 0.000455310218732 0.000303674479447 0.000202690311446 0.00013553122593 9.084963082e-05 6.10948867702e-05 4.1099847255e-05 2.75836538085e-05 1.82270083662e-05 1.18055343231e-05 7.42857086961e-06 4.55104195024e-06 2.76873724476e-06 1.72774728546e-06 1.08845648611e-06 6.52165487522e-07 3.53858686178e-07  #

A_9_2 = 1.1815053314e-06 #
S_9_2 = 5.05964969229e-05 #
P_9_2 = 1 0.314325577721 0.258614609917 0.138278041881 0.091847187425 0.0610597517214 0.0406182729525 0.0270288761947 0.017989152376 0.0119740604487 0.00797072682736 0.00530602324537 0.00353230761069 0.00235160542379 0.00156562514718 0.00104221552418 0.000693716361217 0.00046165010381 0.000307248995001 0.000204643550854 0.000136551352103 9.13497376717e-05 6.13116822498e-05 4.11683873587e-05 2.75735742848e-05 1.81774699572e-05 1.17346806444e-05 7.35097572489e-06 4.47486639815e-06 2.70300497783e-06 1.67498697093e-06 1.05054294482e-06 6.29208152799e-07 3.38268800766e-07  #

A_9_3 = 1.26001690952e-06 #
S_9_3 = 4.21094421419e-05 #
P_9_3 = 1 0.348271315574 0.274945915222 0.1518771365 0.100431457675 0.0664673165438 0.044014383318 0.0291532527083 0.0193121346082 0.0127939523826 0.00847602593447 0.00561547953324 0.00372044864067 0.00246501633791 0.00163327798682 0.00108205366374 0.000716781279016 0.000474712020407 0.00031442197352 0.000208420157704 0.000138413310323 9.21748443519e-05 6.15937173046e-05 4.11829125371e-05 2.74568497037e-05 1.8003469516e-05 1.15340298578e-05 7.1493809367e-06 4.28584873587e-06 2.54349452813e-06 1.54850907524e-06 9.60217810904e-07 5.74502818716e-07 3.01864822912e-07  #

A_9_4 = 1.20157128172e-06 #
S_9_4 = 3.2889231156e-05 #
P_9_4 = 1 0.396406005251 0.29783081479 0.170861563215 0.112303869058 0.0738713047584 0.0486135194886 0.0319961449735 0.0210601166791 0.0138623957596 0.00912466497842 0.0060061565316 0.0039535574499 0.00260253541693 0.00171324805422 0.00112770403516 0.000742185335749 0.000488352626243 0.000321354500913 0.000211640291831 0.00013965480026 9.2432888975e-05 6.14024407145e-05 4.08227953219e-05 2.70493917351e-05 1.7606624445e-05 1.11601762364e-05 6.81289415193e-06 3.99146272723e-06 2.30408884241e-06 1.3628939739e-06 8.29355168786e-07 4.95389431859e-07 2.51248999981e-07  #

A_9_5 = 1.56043015761e-06 #
S_9_5 = 3.00852259856e-05 #
P_9_5 = 1 0.414164652828 0.306185320739 0.177766710193 0.116585087619 0.0765162455131 0.0502395239114 0.0329898884909 0.0216636101394 0.0142262648311 0.00934219678798 0.00613489492651 0.00402881057051 0.00264584513636 0.00173766824582 0.0011410943921 0.000749231811422 0.000491828686631 0.000322877678423 0.000212144681437 0.000139663533986 9.2233992901e-05 6.11402729012e-05 4.05657955935e-05 2.68194940488e-05 1.74102430056e-05 1.0991937161e-05 6.67105834135e-06 3.87322407717e-06 2.21065071911e-06 1.2918492657e-06 7.79898180436e-07 4.6560470508e-07 2.3287116358e-07  #

A_9_6 = 1.31825144481e-06 #
S_9_6 = 2.46200473022e-05 #
P_9_6 = 1 0.450750449999 0.322329321023 0.190845037789 0.124278278162 0.0809844053566 0.052789469736 0.034411731292 0.0224320209828 0.0146229087384 0.00953218116535 0.00621369438224 0.00405060454477 0.00264064287818 0.00172152921419 0.00112220307579 0.000731407905125 0.000476587421341 0.000310557020528 0.000202551635758 0.000132388308073 8.68329278505e-05 5.71909844749e-05 3.77138981809e-05 2.47690212668e-05 1.59418653825e-05 9.93373686057e-06 5.90919808558e-06 3.32508615473e-06 1.82575595446e-06 1.02834335165e-06 6.11720305898e-07 3.71325273328e-07 1.83089120938e-07  #

A_9_7 = 1.24944949978e-06 #
S_9_7 = 1.96680628044e-05 #
P_9_7 = 1 0.480578106921 0.333938098147 0.199864508933 0.128959511776 0.0832609119956 0.0537689194784 0.0347227253936 0.0224229988642 0.0144801535361 0.00935066819411 0.00603825717263 0.00389936928279 0.00251825336176 0.00162637229888 0.00105024458124 0.000678077304095 0.000437669447351 0.00028249702397 0.000182522002315 0.000118207165957 7.68682389703e-05 5.0230518322e-05 3.28796704302e-05 2.14208143926e-05 1.36326083222e-05 8.34097405952e-06 4.81621058011e-06 2.58002982506e-06 1.32902360736e-06 7.06223360334e-07 4.16634492598e-07 2.67193222826e-07 1.34106310978e-07  #

A_9_8 = 1.27119403417e-06 #
S_9_8 = 1.69892647624e-05 #
P_9_8 = 1 0.498611474383 0.340655254448 0.205008594304 0.13150458778 0.0844043119566 0.0541834306753 0.0347817394995 0.0223271009363 0.0143321305026 0.00919978611087 0.00590533927185 0.00379076416661 0.00243350641386 0.00156226345147 0.00100282308696 0.000643582040033 0.000412904720496 0.000264902559864 0.000170130311617 0.000109542639056 7.0850226601e-05 4.60730245702e-05 3.00225207032e-05 1.94623986692e-05 1.22961359617e-05 7.4293881836e-06 4.19754270136e-06 2.16349698622e-06 1.0543596059e-06 5.30155614559e-07 3.11233294636e-07 2.11375212361e-07 1.0847538306e-07  #

A_9_9 = 1.02676359758e-06 #
S_9_9 = 1.65301935787e-05 #
P_9_9 = 1 0.501837215067 0.341827856122 0.205899213082 0.131932733809 0.0845867461897 0.0542407593449 0.0347800959454 0.022301391127 0.0142998046718 0.00916888643495 0.00587899886771 0.00376968558723 0.00241730237379 0.00155014740316 0.000993946413548 0.00063717806511 0.000408340695974 0.000261681449824 0.000167875481929 0.000107974963181 6.97671452739e-05 4.5328552101e-05 2.95133678926e-05 1.91150637745e-05 1.20602746239e-05 7.2693596507e-06 4.08951617029e-06 2.09121582003e-06 1.00696129688e-06 4.99952812787e-07 2.93261692322e-07 2.01895532558e-07 1.04177869091e-07  #

