# AccuRT configuration file for the user_specified material #
PROFILE_LABEL = layer_numbering #
MATERIAL_PROFILE = 1 1  2 1  3 1  4 1  5 1  6 1  7 1  8 1  9 1   #
TURN_OFF_DELTA_FIT = true #

WAVELENGTHS = 400 412 442 490 510 560 620 665 674 681 709 #

CHECK_FORMAT = false#

REFRACTIVE_INDICES = 1.34966951023 1.34854620878 1.34615577683 1.34322518641 1.34223444228 1.3401677019 1.3382334472 1.33704986221 1.33683442084 1.33667118276 1.33605308772 #

A_1_1 = 6.13121820616e-15 #
S_1_1 = 4.88876710435e-11 #
P_1_1 = 1 -3.31946474708e-11 0.0958696384737 -9.9549038441e-11 5.46788683102e-07 2.00170621528e-10 -3.99298045237e-08 -1.24340954604e-10 -6.44676413427e-09 1.15513484857e-11 -1.38992760111e-08 -2.00459065698e-11 -9.31823076544e-09 -1.94993442765e-11 2.80028983843e-08 6.79752023428e-11 3.49428257814e-09 -3.97350342285e-11 -1.95068056985e-08 -1.40665240133e-11 7.98971620454e-10 -1.47993092854e-11 -2.80849638943e-09 2.63430685688e-11 2.95381109504e-08 -2.64060861185e-11 -1.16800324372e-08 2.27305765405e-11 -1.76874900528e-08 -4.45984677204e-11 7.29508399249e-09 4.984905438e-11 -9.90977080583e-10 -2.40801294839e-12  #

A_1_2 = 1.6332892441e-14 #
S_1_2 = 4.32322797959e-11 #
P_1_2 = 1 -3.31946474708e-11 0.0958696384737 -9.9549038441e-11 5.46788683102e-07 2.00170621528e-10 -3.99298045237e-08 -1.24340954604e-10 -6.44676413427e-09 1.15513484857e-11 -1.38992760111e-08 -2.00459065698e-11 -9.31823076544e-09 -1.94993442765e-11 2.80028983843e-08 6.79752023428e-11 3.49428257814e-09 -3.97350342285e-11 -1.95068056985e-08 -1.40665240133e-11 7.98971620454e-10 -1.47993092854e-11 -2.80849638943e-09 2.63430685688e-11 2.95381109504e-08 -2.64060861185e-11 -1.16800324372e-08 2.27305765405e-11 -1.76874900528e-08 -4.45984677204e-11 7.29508399249e-09 4.984905438e-11 -9.90977080583e-10 -2.40801294839e-12  #

A_1_3 = 1.05761191507e-13 #
S_1_3 = 3.23136192687e-11 #
P_1_3 = 1 -3.31946474708e-11 0.0958696384737 -9.9549038441e-11 5.46788683102e-07 2.00170621528e-10 -3.99298045237e-08 -1.24340954604e-10 -6.44676413427e-09 1.15513484857e-11 -1.38992760111e-08 -2.00459065698e-11 -9.31823076544e-09 -1.94993442765e-11 2.80028983843e-08 6.79752023428e-11 3.49428257814e-09 -3.97350342285e-11 -1.95068056985e-08 -1.40665240133e-11 7.98971620454e-10 -1.47993092854e-11 -2.80849638943e-09 2.63430685688e-11 2.95381109504e-08 -2.64060861185e-11 -1.16800324372e-08 2.27305765405e-11 -1.76874900528e-08 -4.45984677204e-11 7.29508399249e-09 4.984905438e-11 -9.90977080583e-10 -2.40801294839e-12  #

A_1_4 = 5.25400444851e-13 #
S_1_4 = 2.1141178622e-11 #
P_1_4 = 1 -3.31946474708e-11 0.0958696384737 -9.9549038441e-11 5.46788683102e-07 2.00170621528e-10 -3.99298045237e-08 -1.24340954604e-10 -6.44676413427e-09 1.15513484857e-11 -1.38992760111e-08 -2.00459065698e-11 -9.31823076544e-09 -1.94993442765e-11 2.80028983843e-08 6.79752023428e-11 3.49428257814e-09 -3.97350342285e-11 -1.95068056985e-08 -1.40665240133e-11 7.98971620454e-10 -1.47993092854e-11 -2.80849638943e-09 2.63430685688e-11 2.95381109504e-08 -2.64060861185e-11 -1.16800324372e-08 2.27305765405e-11 -1.76874900528e-08 -4.45984677204e-11 7.29508399249e-09 4.984905438e-11 -9.90977080583e-10 -2.40801294839e-12  #

A_1_5 = 9.72456765327e-13 #
S_1_5 = 1.79454274562e-11 #
P_1_5 = 1 -3.31946474708e-11 0.0958696384737 -9.9549038441e-11 5.46788683102e-07 2.00170621528e-10 -3.99298045237e-08 -1.24340954604e-10 -6.44676413427e-09 1.15513484857e-11 -1.38992760111e-08 -2.00459065698e-11 -9.31823076544e-09 -1.94993442765e-11 2.80028983843e-08 6.79752023428e-11 3.49428257814e-09 -3.97350342285e-11 -1.95068056985e-08 -1.40665240133e-11 7.98971620454e-10 -1.47993092854e-11 -2.80849638943e-09 2.63430685688e-11 2.95381109504e-08 -2.64060861185e-11 -1.16800324372e-08 2.27305765405e-11 -1.76874900528e-08 -4.45984677204e-11 7.29508399249e-09 4.984905438e-11 -9.90977080583e-10 -2.40801294839e-12  #

A_1_6 = 2.59937489517e-12 #
S_1_6 = 1.22502206652e-11 #
P_1_6 = 1 -3.31946474708e-11 0.0958696384737 -9.9549038441e-11 5.46788683102e-07 2.00170621528e-10 -3.99298045237e-08 -1.24340954604e-10 -6.44676413427e-09 1.15513484857e-11 -1.38992760111e-08 -2.00459065698e-11 -9.31823076544e-09 -1.94993442765e-11 2.80028983843e-08 6.79752023428e-11 3.49428257814e-09 -3.97350342285e-11 -1.95068056985e-08 -1.40665240133e-11 7.98971620454e-10 -1.47993092854e-11 -2.80849638943e-09 2.63430685688e-11 2.95381109504e-08 -2.64060861185e-11 -1.16800324372e-08 2.27305765405e-11 -1.76874900528e-08 -4.45984677204e-11 7.29508399249e-09 4.984905438e-11 -9.90977080583e-10 -2.40801294839e-12  #

A_1_7 = 2.76003320848e-12 #
S_1_7 = 8.09927676845e-12 #
P_1_7 = 1 -3.31946474708e-11 0.0958696384737 -9.9549038441e-11 5.46788683102e-07 2.00170621528e-10 -3.99298045237e-08 -1.24340954604e-10 -6.44676413427e-09 1.15513484857e-11 -1.38992760111e-08 -2.00459065698e-11 -9.31823076544e-09 -1.94993442765e-11 2.80028983843e-08 6.79752023428e-11 3.49428257814e-09 -3.97350342285e-11 -1.95068056985e-08 -1.40665240133e-11 7.98971620454e-10 -1.47993092854e-11 -2.80849638943e-09 2.63430685688e-11 2.95381109504e-08 -2.64060861185e-11 -1.16800324372e-08 2.27305765405e-11 -1.76874900528e-08 -4.45984677204e-11 7.29508399249e-09 4.984905438e-11 -9.90977080583e-10 -2.40801294839e-12  #

A_1_8 = 1.31165769858e-12 #
S_1_8 = 6.09698454106e-12 #
P_1_8 = 1 -3.31946474708e-11 0.0958696384737 -9.9549038441e-11 5.46788683102e-07 2.00170621528e-10 -3.99298045237e-08 -1.24340954604e-10 -6.44676413427e-09 1.15513484857e-11 -1.38992760111e-08 -2.00459065698e-11 -9.31823076544e-09 -1.94993442765e-11 2.80028983843e-08 6.79752023428e-11 3.49428257814e-09 -3.97350342285e-11 -1.95068056985e-08 -1.40665240133e-11 7.98971620454e-10 -1.47993092854e-11 -2.80849638943e-09 2.63430685688e-11 2.95381109504e-08 -2.64060861185e-11 -1.16800324372e-08 2.27305765405e-11 -1.76874900528e-08 -4.45984677204e-11 7.29508399249e-09 4.984905438e-11 -9.90977080583e-10 -2.40801294839e-12  #

A_1_9 = 1.09812529883e-12 #
S_1_9 = 5.77407869389e-12 #
P_1_9 = 1 -3.31946474708e-11 0.0958696384737 -9.9549038441e-11 5.46788683102e-07 2.00170621528e-10 -3.99298045237e-08 -1.24340954604e-10 -6.44676413427e-09 1.15513484857e-11 -1.38992760111e-08 -2.00459065698e-11 -9.31823076544e-09 -1.94993442765e-11 2.80028983843e-08 6.79752023428e-11 3.49428257814e-09 -3.97350342285e-11 -1.95068056985e-08 -1.40665240133e-11 7.98971620454e-10 -1.47993092854e-11 -2.80849638943e-09 2.63430685688e-11 2.95381109504e-08 -2.64060861185e-11 -1.16800324372e-08 2.27305765405e-11 -1.76874900528e-08 -4.45984677204e-11 7.29508399249e-09 4.984905438e-11 -9.90977080583e-10 -2.40801294839e-12  #

A_1_10 = 9.94284260574e-13 #
S_1_10 = 5.53764489459e-12 #
P_1_10 = 1 -3.31946474708e-11 0.0958696384737 -9.9549038441e-11 5.46788683102e-07 2.00170621528e-10 -3.99298045237e-08 -1.24340954604e-10 -6.44676413427e-09 1.15513484857e-11 -1.38992760111e-08 -2.00459065698e-11 -9.31823076544e-09 -1.94993442765e-11 2.80028983843e-08 6.79752023428e-11 3.49428257814e-09 -3.97350342285e-11 -1.95068056985e-08 -1.40665240133e-11 7.98971620454e-10 -1.47993092854e-11 -2.80849638943e-09 2.63430685688e-11 2.95381109504e-08 -2.64060861185e-11 -1.16800324372e-08 2.27305765405e-11 -1.76874900528e-08 -4.45984677204e-11 7.29508399249e-09 4.984905438e-11 -9.90977080583e-10 -2.40801294839e-12  #

A_1_11 = 5.54086393736e-13 #
S_1_11 = 4.70500945302e-12 #
P_1_11 = 1 -3.31946474708e-11 0.0958696384737 -9.9549038441e-11 5.46788683102e-07 2.00170621528e-10 -3.99298045237e-08 -1.24340954604e-10 -6.44676413427e-09 1.15513484857e-11 -1.38992760111e-08 -2.00459065698e-11 -9.31823076544e-09 -1.94993442765e-11 2.80028983843e-08 6.79752023428e-11 3.49428257814e-09 -3.97350342285e-11 -1.95068056985e-08 -1.40665240133e-11 7.98971620454e-10 -1.47993092854e-11 -2.80849638943e-09 2.63430685688e-11 2.95381109504e-08 -2.64060861185e-11 -1.16800324372e-08 2.27305765405e-11 -1.76874900528e-08 -4.45984677204e-11 7.29508399249e-09 4.984905438e-11 -9.90977080583e-10 -2.40801294839e-12  #

A_2_1 = 8.9478267881e-12 #
S_2_1 = 7.31344889998e-09 #
P_2_1 = 1 -3.31946474708e-11 0.0958696384737 -9.9549038441e-11 5.46788683102e-07 2.00170621528e-10 -3.99298045237e-08 -1.24340954604e-10 -6.44676413427e-09 1.15513484857e-11 -1.38992760111e-08 -2.00459065698e-11 -9.31823076544e-09 -1.94993442765e-11 2.80028983843e-08 6.79752023428e-11 3.49428257814e-09 -3.97350342285e-11 -1.95068056985e-08 -1.40665240133e-11 7.98971620454e-10 -1.47993092854e-11 -2.80849638943e-09 2.63430685688e-11 2.95381109504e-08 -2.64060861185e-11 -1.16800324372e-08 2.27305765405e-11 -1.76874900528e-08 -4.45984677204e-11 7.29508399249e-09 4.984905438e-11 -9.90977080583e-10 -2.40801294839e-12  #

A_2_2 = 2.41440213187e-11 #
S_2_2 = 6.46741933842e-09 #
P_2_2 = 1 -3.31946474708e-11 0.0958696384737 -9.9549038441e-11 5.46788683102e-07 2.00170621528e-10 -3.99298045237e-08 -1.24340954604e-10 -6.44676413427e-09 1.15513484857e-11 -1.38992760111e-08 -2.00459065698e-11 -9.31823076544e-09 -1.94993442765e-11 2.80028983843e-08 6.79752023428e-11 3.49428257814e-09 -3.97350342285e-11 -1.95068056985e-08 -1.40665240133e-11 7.98971620454e-10 -1.47993092854e-11 -2.80849638943e-09 2.63430685688e-11 2.95381109504e-08 -2.64060861185e-11 -1.16800324372e-08 2.27305765405e-11 -1.76874900528e-08 -4.45984677204e-11 7.29508399249e-09 4.984905438e-11 -9.90977080583e-10 -2.40801294839e-12  #

A_2_3 = 1.55918690265e-10 #
S_2_3 = 4.83402048514e-09 #
P_2_3 = 1 -3.31946474708e-11 0.0958696384737 -9.9549038441e-11 5.46788683102e-07 2.00170621528e-10 -3.99298045237e-08 -1.24340954604e-10 -6.44676413427e-09 1.15513484857e-11 -1.38992760111e-08 -2.00459065698e-11 -9.31823076544e-09 -1.94993442765e-11 2.80028983843e-08 6.79752023428e-11 3.49428257814e-09 -3.97350342285e-11 -1.95068056985e-08 -1.40665240133e-11 7.98971620454e-10 -1.47993092854e-11 -2.80849638943e-09 2.63430685688e-11 2.95381109504e-08 -2.64060861185e-11 -1.16800324372e-08 2.27305765405e-11 -1.76874900528e-08 -4.45984677204e-11 7.29508399249e-09 4.984905438e-11 -9.90977080583e-10 -2.40801294839e-12  #

A_2_4 = 7.76548220877e-10 #
S_2_4 = 3.16265688745e-09 #
P_2_4 = 1 -3.31946474708e-11 0.0958696384737 -9.9549038441e-11 5.46788683102e-07 2.00170621528e-10 -3.99298045237e-08 -1.24340954604e-10 -6.44676413427e-09 1.15513484857e-11 -1.38992760111e-08 -2.00459065698e-11 -9.31823076544e-09 -1.94993442765e-11 2.80028983843e-08 6.79752023428e-11 3.49428257814e-09 -3.97350342285e-11 -1.95068056985e-08 -1.40665240133e-11 7.98971620454e-10 -1.47993092854e-11 -2.80849638943e-09 2.63430685688e-11 2.95381109504e-08 -2.64060861185e-11 -1.16800324372e-08 2.27305765405e-11 -1.76874900528e-08 -4.45984677204e-11 7.29508399249e-09 4.984905438e-11 -9.90977080583e-10 -2.40801294839e-12  #

A_2_5 = 1.43617497732e-09 #
S_2_5 = 2.68458210195e-09 #
P_2_5 = 1 -3.31946474708e-11 0.0958696384737 -9.9549038441e-11 5.46788683102e-07 2.00170621528e-10 -3.99298045237e-08 -1.24340954604e-10 -6.44676413427e-09 1.15513484857e-11 -1.38992760111e-08 -2.00459065698e-11 -9.31823076544e-09 -1.94993442765e-11 2.80028983843e-08 6.79752023428e-11 3.49428257814e-09 -3.97350342285e-11 -1.95068056985e-08 -1.40665240133e-11 7.98971620454e-10 -1.47993092854e-11 -2.80849638943e-09 2.63430685688e-11 2.95381109504e-08 -2.64060861185e-11 -1.16800324372e-08 2.27305765405e-11 -1.76874900528e-08 -4.45984677204e-11 7.29508399249e-09 4.984905438e-11 -9.90977080583e-10 -2.40801294839e-12  #

A_2_6 = 3.84277300146e-09 #
S_2_6 = 1.83259625456e-09 #
P_2_6 = 1 -3.31946474708e-11 0.0958696384737 -9.9549038441e-11 5.46788683102e-07 2.00170621528e-10 -3.99298045237e-08 -1.24340954604e-10 -6.44676413427e-09 1.15513484857e-11 -1.38992760111e-08 -2.00459065698e-11 -9.31823076544e-09 -1.94993442765e-11 2.80028983843e-08 6.79752023428e-11 3.49428257814e-09 -3.97350342285e-11 -1.95068056985e-08 -1.40665240133e-11 7.98971620454e-10 -1.47993092854e-11 -2.80849638943e-09 2.63430685688e-11 2.95381109504e-08 -2.64060861185e-11 -1.16800324372e-08 2.27305765405e-11 -1.76874900528e-08 -4.45984677204e-11 7.29508399249e-09 4.984905438e-11 -9.90977080583e-10 -2.40801294839e-12  #

A_2_7 = 4.08003393404e-09 #
S_2_7 = 1.21162750257e-09 #
P_2_7 = 1 -3.31946474708e-11 0.0958696384737 -9.9549038441e-11 5.46788683102e-07 2.00170621528e-10 -3.99298045237e-08 -1.24340954604e-10 -6.44676413427e-09 1.15513484857e-11 -1.38992760111e-08 -2.00459065698e-11 -9.31823076544e-09 -1.94993442765e-11 2.80028983843e-08 6.79752023428e-11 3.49428257814e-09 -3.97350342285e-11 -1.95068056985e-08 -1.40665240133e-11 7.98971620454e-10 -1.47993092854e-11 -2.80849638943e-09 2.63430685688e-11 2.95381109504e-08 -2.64060861185e-11 -1.16800324372e-08 2.27305765405e-11 -1.76874900528e-08 -4.45984677204e-11 7.29508399249e-09 4.984905438e-11 -9.90977080583e-10 -2.40801294839e-12  #

A_2_8 = 1.93834443157e-09 #
S_2_8 = 9.12090593257e-10 #
P_2_8 = 1 -3.31946474708e-11 0.0958696384737 -9.9549038441e-11 5.46788683102e-07 2.00170621528e-10 -3.99298045237e-08 -1.24340954604e-10 -6.44676413427e-09 1.15513484857e-11 -1.38992760111e-08 -2.00459065698e-11 -9.31823076544e-09 -1.94993442765e-11 2.80028983843e-08 6.79752023428e-11 3.49428257814e-09 -3.97350342285e-11 -1.95068056985e-08 -1.40665240133e-11 7.98971620454e-10 -1.47993092854e-11 -2.80849638943e-09 2.63430685688e-11 2.95381109504e-08 -2.64060861185e-11 -1.16800324372e-08 2.27305765405e-11 -1.76874900528e-08 -4.45984677204e-11 7.29508399249e-09 4.984905438e-11 -9.90977080583e-10 -2.40801294839e-12  #

A_2_9 = 1.62342798119e-09 #
S_2_9 = 8.63784847404e-10 #
P_2_9 = 1 -3.31946474708e-11 0.0958696384737 -9.9549038441e-11 5.46788683102e-07 2.00170621528e-10 -3.99298045237e-08 -1.24340954604e-10 -6.44676413427e-09 1.15513484857e-11 -1.38992760111e-08 -2.00459065698e-11 -9.31823076544e-09 -1.94993442765e-11 2.80028983843e-08 6.79752023428e-11 3.49428257814e-09 -3.97350342285e-11 -1.95068056985e-08 -1.40665240133e-11 7.98971620454e-10 -1.47993092854e-11 -2.80849638943e-09 2.63430685688e-11 2.95381109504e-08 -2.64060861185e-11 -1.16800324372e-08 2.27305765405e-11 -1.76874900528e-08 -4.45984677204e-11 7.29508399249e-09 4.984905438e-11 -9.90977080583e-10 -2.40801294839e-12  #

A_2_10 = 1.40273913372e-09 #
S_2_10 = 8.28415060452e-10 #
P_2_10 = 1 -3.31946474708e-11 0.0958696384737 -9.9549038441e-11 5.46788683102e-07 2.00170621528e-10 -3.99298045237e-08 -1.24340954604e-10 -6.44676413427e-09 1.15513484857e-11 -1.38992760111e-08 -2.00459065698e-11 -9.31823076544e-09 -1.94993442765e-11 2.80028983843e-08 6.79752023428e-11 3.49428257814e-09 -3.97350342285e-11 -1.95068056985e-08 -1.40665240133e-11 7.98971620454e-10 -1.47993092854e-11 -2.80849638943e-09 2.63430685688e-11 2.95381109504e-08 -2.64060861185e-11 -1.16800324372e-08 2.27305765405e-11 -1.76874900528e-08 -4.45984677204e-11 7.29508399249e-09 4.984905438e-11 -9.90977080583e-10 -2.40801294839e-12  #

A_2_11 = 8.10454351504e-10 #
S_2_11 = 7.03855296726e-10 #
P_2_11 = 1 -3.31946474708e-11 0.0958696384737 -9.9549038441e-11 5.46788683102e-07 2.00170621528e-10 -3.99298045237e-08 -1.24340954604e-10 -6.44676413427e-09 1.15513484857e-11 -1.38992760111e-08 -2.00459065698e-11 -9.31823076544e-09 -1.94993442765e-11 2.80028983843e-08 6.79752023428e-11 3.49428257814e-09 -3.97350342285e-11 -1.95068056985e-08 -1.40665240133e-11 7.98971620454e-10 -1.47993092854e-11 -2.80849638943e-09 2.63430685688e-11 2.95381109504e-08 -2.64060861185e-11 -1.16800324372e-08 2.27305765405e-11 -1.76874900528e-08 -4.45984677204e-11 7.29508399249e-09 4.984905438e-11 -9.90977080583e-10 -2.40801294839e-12  #

A_3_1 = 4.84002659369e-10 #
S_3_1 = 1.55842445283e-07 #
P_3_1 = 1 -3.31946474708e-11 0.0958696384737 -9.9549038441e-11 5.46788683102e-07 2.00170621528e-10 -3.99298045237e-08 -1.24340954604e-10 -6.44676413427e-09 1.15513484857e-11 -1.38992760111e-08 -2.00459065698e-11 -9.31823076544e-09 -1.94993442765e-11 2.80028983843e-08 6.79752023428e-11 3.49428257814e-09 -3.97350342285e-11 -1.95068056985e-08 -1.40665240133e-11 7.98971620454e-10 -1.47993092854e-11 -2.80849638943e-09 2.63430685688e-11 2.95381109504e-08 -2.64060861185e-11 -1.16800324372e-08 2.27305765405e-11 -1.76874900528e-08 -4.45984677204e-11 7.29508399249e-09 4.984905438e-11 -9.90977080583e-10 -2.40801294839e-12  #

A_3_2 = 1.3064991548e-09 #
S_3_2 = 1.37814382537e-07 #
P_3_2 = 1 -3.31946474708e-11 0.0958696384737 -9.9549038441e-11 5.46788683102e-07 2.00170621528e-10 -3.99298045237e-08 -1.24340954604e-10 -6.44676413427e-09 1.15513484857e-11 -1.38992760111e-08 -2.00459065698e-11 -9.31823076544e-09 -1.94993442765e-11 2.80028983843e-08 6.79752023428e-11 3.49428257814e-09 -3.97350342285e-11 -1.95068056985e-08 -1.40665240133e-11 7.98971620454e-10 -1.47993092854e-11 -2.80849638943e-09 2.63430685688e-11 2.95381109504e-08 -2.64060861185e-11 -1.16800324372e-08 2.27305765405e-11 -1.76874900528e-08 -4.45984677204e-11 7.29508399249e-09 4.984905438e-11 -9.90977080583e-10 -2.40801294839e-12  #

A_3_3 = 8.4365329726e-09 #
S_3_3 = 1.03008250041e-07 #
P_3_3 = 1 -3.31946474708e-11 0.0958696384737 -9.9549038441e-11 5.46788683102e-07 2.00170621528e-10 -3.99298045237e-08 -1.24340954604e-10 -6.44676413427e-09 1.15513484857e-11 -1.38992760111e-08 -2.00459065698e-11 -9.31823076544e-09 -1.94993442765e-11 2.80028983843e-08 6.79752023428e-11 3.49428257814e-09 -3.97350342285e-11 -1.95068056985e-08 -1.40665240133e-11 7.98971620454e-10 -1.47993092854e-11 -2.80849638943e-09 2.63430685688e-11 2.95381109504e-08 -2.64060861185e-11 -1.16800324372e-08 2.27305765405e-11 -1.76874900528e-08 -4.45984677204e-11 7.29508399249e-09 4.984905438e-11 -9.90977080583e-10 -2.40801294839e-12  #

A_3_4 = 4.20209647225e-08 #
S_3_4 = 6.73931259619e-08 #
P_3_4 = 1 -3.31946474708e-11 0.0958696384737 -9.9549038441e-11 5.46788683102e-07 2.00170621528e-10 -3.99298045237e-08 -1.24340954604e-10 -6.44676413427e-09 1.15513484857e-11 -1.38992760111e-08 -2.00459065698e-11 -9.31823076544e-09 -1.94993442765e-11 2.80028983843e-08 6.79752023428e-11 3.49428257814e-09 -3.97350342285e-11 -1.95068056985e-08 -1.40665240133e-11 7.98971620454e-10 -1.47993092854e-11 -2.80849638943e-09 2.63430685688e-11 2.95381109504e-08 -2.64060861185e-11 -1.16800324372e-08 2.27305765405e-11 -1.76874900528e-08 -4.45984677204e-11 7.29508399249e-09 4.984905438e-11 -9.90977080583e-10 -2.40801294839e-12  #

A_3_5 = 7.77132823826e-08 #
S_3_5 = 5.72058197237e-08 #
P_3_5 = 1 -3.31946474708e-11 0.0958696384737 -9.9549038441e-11 5.46788683102e-07 2.00170621528e-10 -3.99298045237e-08 -1.24340954604e-10 -6.44676413427e-09 1.15513484857e-11 -1.38992760111e-08 -2.00459065698e-11 -9.31823076544e-09 -1.94993442765e-11 2.80028983843e-08 6.79752023428e-11 3.49428257814e-09 -3.97350342285e-11 -1.95068056985e-08 -1.40665240133e-11 7.98971620454e-10 -1.47993092854e-11 -2.80849638943e-09 2.63430685688e-11 2.95381109504e-08 -2.64060861185e-11 -1.16800324372e-08 2.27305765405e-11 -1.76874900528e-08 -4.45984677204e-11 7.29508399249e-09 4.984905438e-11 -9.90977080583e-10 -2.40801294839e-12  #

A_3_6 = 2.0794337369e-07 #
S_3_6 = 3.9050834351e-08 #
P_3_6 = 1 -3.31946474708e-11 0.0958696384737 -9.9549038441e-11 5.46788683102e-07 2.00170621528e-10 -3.99298045237e-08 -1.24340954604e-10 -6.44676413427e-09 1.15513484857e-11 -1.38992760111e-08 -2.00459065698e-11 -9.31823076544e-09 -1.94993442765e-11 2.80028983843e-08 6.79752023428e-11 3.49428257814e-09 -3.97350342285e-11 -1.95068056985e-08 -1.40665240133e-11 7.98971620454e-10 -1.47993092854e-11 -2.80849638943e-09 2.63430685688e-11 2.95381109504e-08 -2.64060861185e-11 -1.16800324372e-08 2.27305765405e-11 -1.76874900528e-08 -4.45984677204e-11 7.29508399249e-09 4.984905438e-11 -9.90977080583e-10 -2.40801294839e-12  #

A_3_7 = 2.2078223581e-07 #
S_3_7 = 2.58185974025e-08 #
P_3_7 = 1 -3.31946474708e-11 0.0958696384737 -9.9549038441e-11 5.46788683102e-07 2.00170621528e-10 -3.99298045237e-08 -1.24340954604e-10 -6.44676413427e-09 1.15513484857e-11 -1.38992760111e-08 -2.00459065698e-11 -9.31823076544e-09 -1.94993442765e-11 2.80028983843e-08 6.79752023428e-11 3.49428257814e-09 -3.97350342285e-11 -1.95068056985e-08 -1.40665240133e-11 7.98971620454e-10 -1.47993092854e-11 -2.80849638943e-09 2.63430685688e-11 2.95381109504e-08 -2.64060861185e-11 -1.16800324372e-08 2.27305765405e-11 -1.76874900528e-08 -4.45984677204e-11 7.29508399249e-09 4.984905438e-11 -9.90977080583e-10 -2.40801294839e-12  #

A_3_8 = 1.04888198651e-07 #
S_3_8 = 1.94357587394e-08 #
P_3_8 = 1 -3.31946474708e-11 0.0958696384737 -9.9549038441e-11 5.46788683102e-07 2.00170621528e-10 -3.99298045237e-08 -1.24340954604e-10 -6.44676413427e-09 1.15513484857e-11 -1.38992760111e-08 -2.00459065698e-11 -9.31823076544e-09 -1.94993442765e-11 2.80028983843e-08 6.79752023428e-11 3.49428257814e-09 -3.97350342285e-11 -1.95068056985e-08 -1.40665240133e-11 7.98971620454e-10 -1.47993092854e-11 -2.80849638943e-09 2.63430685688e-11 2.95381109504e-08 -2.64060861185e-11 -1.16800324372e-08 2.27305765405e-11 -1.76874900528e-08 -4.45984677204e-11 7.29508399249e-09 4.984905438e-11 -9.90977080583e-10 -2.40801294839e-12  #

A_3_9 = 8.78483345119e-08 #
S_3_9 = 1.84064105265e-08 #
P_3_9 = 1 -3.31946474708e-11 0.0958696384737 -9.9549038441e-11 5.46788683102e-07 2.00170621528e-10 -3.99298045237e-08 -1.24340954604e-10 -6.44676413427e-09 1.15513484857e-11 -1.38992760111e-08 -2.00459065698e-11 -9.31823076544e-09 -1.94993442765e-11 2.80028983843e-08 6.79752023428e-11 3.49428257814e-09 -3.97350342285e-11 -1.95068056985e-08 -1.40665240133e-11 7.98971620454e-10 -1.47993092854e-11 -2.80849638943e-09 2.63430685688e-11 2.95381109504e-08 -2.64060861185e-11 -1.16800324372e-08 2.27305765405e-11 -1.76874900528e-08 -4.45984677204e-11 7.29508399249e-09 4.984905438e-11 -9.90977080583e-10 -2.40801294839e-12  #

A_3_10 = 7.58747043592e-08 #
S_3_10 = 1.76527149496e-08 #
P_3_10 = 1 -3.31946474708e-11 0.0958696384737 -9.9549038441e-11 5.46788683102e-07 2.00170621528e-10 -3.99298045237e-08 -1.24340954604e-10 -6.44676413427e-09 1.15513484857e-11 -1.38992760111e-08 -2.00459065698e-11 -9.31823076544e-09 -1.94993442765e-11 2.80028983843e-08 6.79752023428e-11 3.49428257814e-09 -3.97350342285e-11 -1.95068056985e-08 -1.40665240133e-11 7.98971620454e-10 -1.47993092854e-11 -2.80849638943e-09 2.63430685688e-11 2.95381109504e-08 -2.64060861185e-11 -1.16800324372e-08 2.27305765405e-11 -1.76874900528e-08 -4.45984677204e-11 7.29508399249e-09 4.984905438e-11 -9.90977080583e-10 -2.40801294839e-12  #

A_3_11 = 4.38420044625e-08 #
S_3_11 = 1.49984681738e-08 #
P_3_11 = 1 -3.31946474708e-11 0.0958696384737 -9.9549038441e-11 5.46788683102e-07 2.00170621528e-10 -3.99298045237e-08 -1.24340954604e-10 -6.44676413427e-09 1.15513484857e-11 -1.38992760111e-08 -2.00459065698e-11 -9.31823076544e-09 -1.94993442765e-11 2.80028983843e-08 6.79752023428e-11 3.49428257814e-09 -3.97350342285e-11 -1.95068056985e-08 -1.40665240133e-11 7.98971620454e-10 -1.47993092854e-11 -2.80849638943e-09 2.63430685688e-11 2.95381109504e-08 -2.64060861185e-11 -1.16800324372e-08 2.27305765405e-11 -1.76874900528e-08 -4.45984677204e-11 7.29508399249e-09 4.984905438e-11 -9.90977080583e-10 -2.40801294839e-12  #

A_4_1 = 2.7801146135e-09 #
S_4_1 = 1.20322847323e-06 #
P_4_1 = 1 -3.31946474708e-11 0.0958696384737 -9.9549038441e-11 5.46788683102e-07 2.00170621528e-10 -3.99298045237e-08 -1.24340954604e-10 -6.44676413427e-09 1.15513484857e-11 -1.38992760111e-08 -2.00459065698e-11 -9.31823076544e-09 -1.94993442765e-11 2.80028983843e-08 6.79752023428e-11 3.49428257814e-09 -3.97350342285e-11 -1.95068056985e-08 -1.40665240133e-11 7.98971620454e-10 -1.47993092854e-11 -2.80849638943e-09 2.63430685688e-11 2.95381109504e-08 -2.64060861185e-11 -1.16800324372e-08 2.27305765405e-11 -1.76874900528e-08 -4.45984677204e-11 7.29508399249e-09 4.984905438e-11 -9.90977080583e-10 -2.40801294839e-12  #

A_4_2 = 7.50418736694e-09 #
S_4_2 = 1.06403739231e-06 #
P_4_2 = 1 -3.31946474708e-11 0.0958696384737 -9.9549038441e-11 5.46788683102e-07 2.00170621528e-10 -3.99298045237e-08 -1.24340954604e-10 -6.44676413427e-09 1.15513484857e-11 -1.38992760111e-08 -2.00459065698e-11 -9.31823076544e-09 -1.94993442765e-11 2.80028983843e-08 6.79752023428e-11 3.49428257814e-09 -3.97350342285e-11 -1.95068056985e-08 -1.40665240133e-11 7.98971620454e-10 -1.47993092854e-11 -2.80849638943e-09 2.63430685688e-11 2.95381109504e-08 -2.64060861185e-11 -1.16800324372e-08 2.27305765405e-11 -1.76874900528e-08 -4.45984677204e-11 7.29508399249e-09 4.984905438e-11 -9.90977080583e-10 -2.40801294839e-12  #

A_4_3 = 4.84576786676e-08 #
S_4_3 = 7.95306177354e-07 #
P_4_3 = 1 -3.31946474708e-11 0.0958696384737 -9.9549038441e-11 5.46788683102e-07 2.00170621528e-10 -3.99298045237e-08 -1.24340954604e-10 -6.44676413427e-09 1.15513484857e-11 -1.38992760111e-08 -2.00459065698e-11 -9.31823076544e-09 -1.94993442765e-11 2.80028983843e-08 6.79752023428e-11 3.49428257814e-09 -3.97350342285e-11 -1.95068056985e-08 -1.40665240133e-11 7.98971620454e-10 -1.47993092854e-11 -2.80849638943e-09 2.63430685688e-11 2.95381109504e-08 -2.64060861185e-11 -1.16800324372e-08 2.27305765405e-11 -1.76874900528e-08 -4.45984677204e-11 7.29508399249e-09 4.984905438e-11 -9.90977080583e-10 -2.40801294839e-12  #

A_4_4 = 2.41357494191e-07 #
S_4_4 = 5.20328899552e-07 #
P_4_4 = 1 -3.31946474708e-11 0.0958696384737 -9.9549038441e-11 5.46788683102e-07 2.00170621528e-10 -3.99298045237e-08 -1.24340954604e-10 -6.44676413427e-09 1.15513484857e-11 -1.38992760111e-08 -2.00459065698e-11 -9.31823076544e-09 -1.94993442765e-11 2.80028983843e-08 6.79752023428e-11 3.49428257814e-09 -3.97350342285e-11 -1.95068056985e-08 -1.40665240133e-11 7.98971620454e-10 -1.47993092854e-11 -2.80849638943e-09 2.63430685688e-11 2.95381109504e-08 -2.64060861185e-11 -1.16800324372e-08 2.27305765405e-11 -1.76874900528e-08 -4.45984677204e-11 7.29508399249e-09 4.984905438e-11 -9.90977080583e-10 -2.40801294839e-12  #

A_4_5 = 4.46366086056e-07 #
S_4_5 = 4.41674737593e-07 #
P_4_5 = 1 -3.31946474708e-11 0.0958696384737 -9.9549038441e-11 5.46788683102e-07 2.00170621528e-10 -3.99298045237e-08 -1.24340954604e-10 -6.44676413427e-09 1.15513484857e-11 -1.38992760111e-08 -2.00459065698e-11 -9.31823076544e-09 -1.94993442765e-11 2.80028983843e-08 6.79752023428e-11 3.49428257814e-09 -3.97350342285e-11 -1.95068056985e-08 -1.40665240133e-11 7.98971620454e-10 -1.47993092854e-11 -2.80849638943e-09 2.63430685688e-11 2.95381109504e-08 -2.64060861185e-11 -1.16800324372e-08 2.27305765405e-11 -1.76874900528e-08 -4.45984677204e-11 7.29508399249e-09 4.984905438e-11 -9.90977080583e-10 -2.40801294839e-12  #

A_4_6 = 1.19437174812e-06 #
S_4_6 = 3.01503712351e-07 #
P_4_6 = 1 -3.31946474708e-11 0.0958696384737 -9.9549038441e-11 5.46788683102e-07 2.00170621528e-10 -3.99298045237e-08 -1.24340954604e-10 -6.44676413427e-09 1.15513484857e-11 -1.38992760111e-08 -2.00459065698e-11 -9.31823076544e-09 -1.94993442765e-11 2.80028983843e-08 6.79752023428e-11 3.49428257814e-09 -3.97350342285e-11 -1.95068056985e-08 -1.40665240133e-11 7.98971620454e-10 -1.47993092854e-11 -2.80849638943e-09 2.63430685688e-11 2.95381109504e-08 -2.64060861185e-11 -1.16800324372e-08 2.27305765405e-11 -1.76874900528e-08 -4.45984677204e-11 7.29508399249e-09 4.984905438e-11 -9.90977080583e-10 -2.40801294839e-12  #

A_4_7 = 1.26811481058e-06 #
S_4_7 = 1.99340246986e-07 #
P_4_7 = 1 -3.31946474708e-11 0.0958696384737 -9.9549038441e-11 5.46788683102e-07 2.00170621528e-10 -3.99298045237e-08 -1.24340954604e-10 -6.44676413427e-09 1.15513484857e-11 -1.38992760111e-08 -2.00459065698e-11 -9.31823076544e-09 -1.94993442765e-11 2.80028983843e-08 6.79752023428e-11 3.49428257814e-09 -3.97350342285e-11 -1.95068056985e-08 -1.40665240133e-11 7.98971620454e-10 -1.47993092854e-11 -2.80849638943e-09 2.63430685688e-11 2.95381109504e-08 -2.64060861185e-11 -1.16800324372e-08 2.27305765405e-11 -1.76874900528e-08 -4.45984677204e-11 7.29508399249e-09 4.984905438e-11 -9.90977080583e-10 -2.40801294839e-12  #

A_4_8 = 6.02450857784e-07 #
S_4_8 = 1.50059621252e-07 #
P_4_8 = 1 -3.31946474708e-11 0.0958696384737 -9.9549038441e-11 5.46788683102e-07 2.00170621528e-10 -3.99298045237e-08 -1.24340954604e-10 -6.44676413427e-09 1.15513484857e-11 -1.38992760111e-08 -2.00459065698e-11 -9.31823076544e-09 -1.94993442765e-11 2.80028983843e-08 6.79752023428e-11 3.49428257814e-09 -3.97350342285e-11 -1.95068056985e-08 -1.40665240133e-11 7.98971620454e-10 -1.47993092854e-11 -2.80849638943e-09 2.63430685688e-11 2.95381109504e-08 -2.64060861185e-11 -1.16800324372e-08 2.27305765405e-11 -1.76874900528e-08 -4.45984677204e-11 7.29508399249e-09 4.984905438e-11 -9.90977080583e-10 -2.40801294839e-12  #

A_4_9 = 5.0457758103e-07 #
S_4_9 = 1.42112228766e-07 #
P_4_9 = 1 -3.31946474708e-11 0.0958696384737 -9.9549038441e-11 5.46788683102e-07 2.00170621528e-10 -3.99298045237e-08 -1.24340954604e-10 -6.44676413427e-09 1.15513484857e-11 -1.38992760111e-08 -2.00459065698e-11 -9.31823076544e-09 -1.94993442765e-11 2.80028983843e-08 6.79752023428e-11 3.49428257814e-09 -3.97350342285e-11 -1.95068056985e-08 -1.40665240133e-11 7.98971620454e-10 -1.47993092854e-11 -2.80849638943e-09 2.63430685688e-11 2.95381109504e-08 -2.64060861185e-11 -1.16800324372e-08 2.27305765405e-11 -1.76874900528e-08 -4.45984677204e-11 7.29508399249e-09 4.984905438e-11 -9.90977080583e-10 -2.40801294839e-12  #

A_4_10 = 4.35834635064e-07 #
S_4_10 = 1.36293095368e-07 #
P_4_10 = 1 -3.31946474708e-11 0.0958696384737 -9.9549038441e-11 5.46788683102e-07 2.00170621528e-10 -3.99298045237e-08 -1.24340954604e-10 -6.44676413427e-09 1.15513484857e-11 -1.38992760111e-08 -2.00459065698e-11 -9.31823076544e-09 -1.94993442765e-11 2.80028983843e-08 6.79752023428e-11 3.49428257814e-09 -3.97350342285e-11 -1.95068056985e-08 -1.40665240133e-11 7.98971620454e-10 -1.47993092854e-11 -2.80849638943e-09 2.63430685688e-11 2.95381109504e-08 -2.64060861185e-11 -1.16800324372e-08 2.27305765405e-11 -1.76874900528e-08 -4.45984677204e-11 7.29508399249e-09 4.984905438e-11 -9.90977080583e-10 -2.40801294839e-12  #

A_4_11 = 2.51826562932e-07 #
S_4_11 = 1.15800184788e-07 #
P_4_11 = 1 -3.31946474708e-11 0.0958696384737 -9.9549038441e-11 5.46788683102e-07 2.00170621528e-10 -3.99298045237e-08 -1.24340954604e-10 -6.44676413427e-09 1.15513484857e-11 -1.38992760111e-08 -2.00459065698e-11 -9.31823076544e-09 -1.94993442765e-11 2.80028983843e-08 6.79752023428e-11 3.49428257814e-09 -3.97350342285e-11 -1.95068056985e-08 -1.40665240133e-11 7.98971620454e-10 -1.47993092854e-11 -2.80849638943e-09 2.63430685688e-11 2.95381109504e-08 -2.64060861185e-11 -1.16800324372e-08 2.27305765405e-11 -1.76874900528e-08 -4.45984677204e-11 7.29508399249e-09 4.984905438e-11 -9.90977080583e-10 -2.40801294839e-12  #

A_5_1 = 3.10115826279e-09 #
S_5_1 = 4.78471049699e-06 #
P_5_1 = 1 -3.31946474708e-11 0.0958696384737 -9.9549038441e-11 5.46788683102e-07 2.00170621528e-10 -3.99298045237e-08 -1.24340954604e-10 -6.44676413427e-09 1.15513484857e-11 -1.38992760111e-08 -2.00459065698e-11 -9.31823076544e-09 -1.94993442765e-11 2.80028983843e-08 6.79752023428e-11 3.49428257814e-09 -3.97350342285e-11 -1.95068056985e-08 -1.40665240133e-11 7.98971620454e-10 -1.47993092854e-11 -2.80849638943e-09 2.63430685688e-11 2.95381109504e-08 -2.64060861185e-11 -1.16800324372e-08 2.27305765405e-11 -1.76874900528e-08 -4.45984677204e-11 7.29508399249e-09 4.984905438e-11 -9.90977080583e-10 -2.40801294839e-12  #

A_5_2 = 8.35309285649e-09 #
S_5_2 = 4.2312087799e-06 #
P_5_2 = 1 -3.31946474708e-11 0.0958696384737 -9.9549038441e-11 5.46788683102e-07 2.00170621528e-10 -3.99298045237e-08 -1.24340954604e-10 -6.44676413427e-09 1.15513484857e-11 -1.38992760111e-08 -2.00459065698e-11 -9.31823076544e-09 -1.94993442765e-11 2.80028983843e-08 6.79752023428e-11 3.49428257814e-09 -3.97350342285e-11 -1.95068056985e-08 -1.40665240133e-11 7.98971620454e-10 -1.47993092854e-11 -2.80849638943e-09 2.63430685688e-11 2.95381109504e-08 -2.64060861185e-11 -1.16800324372e-08 2.27305765405e-11 -1.76874900528e-08 -4.45984677204e-11 7.29508399249e-09 4.984905438e-11 -9.90977080583e-10 -2.40801294839e-12  #

A_5_3 = 5.39621294024e-08 #
S_5_3 = 3.16258291734e-06 #
P_5_3 = 1 -3.31946474708e-11 0.0958696384737 -9.9549038441e-11 5.46788683102e-07 2.00170621528e-10 -3.99298045237e-08 -1.24340954604e-10 -6.44676413427e-09 1.15513484857e-11 -1.38992760111e-08 -2.00459065698e-11 -9.31823076544e-09 -1.94993442765e-11 2.80028983843e-08 6.79752023428e-11 3.49428257814e-09 -3.97350342285e-11 -1.95068056985e-08 -1.40665240133e-11 7.98971620454e-10 -1.47993092854e-11 -2.80849638943e-09 2.63430685688e-11 2.95381109504e-08 -2.64060861185e-11 -1.16800324372e-08 2.27305765405e-11 -1.76874900528e-08 -4.45984677204e-11 7.29508399249e-09 4.984905438e-11 -9.90977080583e-10 -2.40801294839e-12  #

A_5_4 = 2.6866738245e-07 #
S_5_4 = 2.06911920965e-06 #
P_5_4 = 1 -3.31946474708e-11 0.0958696384737 -9.9549038441e-11 5.46788683102e-07 2.00170621528e-10 -3.99298045237e-08 -1.24340954604e-10 -6.44676413427e-09 1.15513484857e-11 -1.38992760111e-08 -2.00459065698e-11 -9.31823076544e-09 -1.94993442765e-11 2.80028983843e-08 6.79752023428e-11 3.49428257814e-09 -3.97350342285e-11 -1.95068056985e-08 -1.40665240133e-11 7.98971620454e-10 -1.47993092854e-11 -2.80849638943e-09 2.63430685688e-11 2.95381109504e-08 -2.64060861185e-11 -1.16800324372e-08 2.27305765405e-11 -1.76874900528e-08 -4.45984677204e-11 7.29508399249e-09 4.984905438e-11 -9.90977080583e-10 -2.40801294839e-12  #

A_5_5 = 4.96933125605e-07 #
S_5_5 = 1.75634619711e-06 #
P_5_5 = 1 -3.31946474708e-11 0.0958696384737 -9.9549038441e-11 5.46788683102e-07 2.00170621528e-10 -3.99298045237e-08 -1.24340954604e-10 -6.44676413427e-09 1.15513484857e-11 -1.38992760111e-08 -2.00459065698e-11 -9.31823076544e-09 -1.94993442765e-11 2.80028983843e-08 6.79752023428e-11 3.49428257814e-09 -3.97350342285e-11 -1.95068056985e-08 -1.40665240133e-11 7.98971620454e-10 -1.47993092854e-11 -2.80849638943e-09 2.63430685688e-11 2.95381109504e-08 -2.64060861185e-11 -1.16800324372e-08 2.27305765405e-11 -1.76874900528e-08 -4.45984677204e-11 7.29508399249e-09 4.984905438e-11 -9.90977080583e-10 -2.40801294839e-12  #

A_5_6 = 1.32947039058e-06 #
S_5_6 = 1.19894767241e-06 #
P_5_6 = 1 -3.31946474708e-11 0.0958696384737 -9.9549038441e-11 5.46788683102e-07 2.00170621528e-10 -3.99298045237e-08 -1.24340954604e-10 -6.44676413427e-09 1.15513484857e-11 -1.38992760111e-08 -2.00459065698e-11 -9.31823076544e-09 -1.94993442765e-11 2.80028983843e-08 6.79752023428e-11 3.49428257814e-09 -3.97350342285e-11 -1.95068056985e-08 -1.40665240133e-11 7.98971620454e-10 -1.47993092854e-11 -2.80849638943e-09 2.63430685688e-11 2.95381109504e-08 -2.64060861185e-11 -1.16800324372e-08 2.27305765405e-11 -1.76874900528e-08 -4.45984677204e-11 7.29508399249e-09 4.984905438e-11 -9.90977080583e-10 -2.40801294839e-12  #

A_5_7 = 1.41155233661e-06 #
S_5_7 = 7.92688498854e-07 #
P_5_7 = 1 -3.31946474708e-11 0.0958696384737 -9.9549038441e-11 5.46788683102e-07 2.00170621528e-10 -3.99298045237e-08 -1.24340954604e-10 -6.44676413427e-09 1.15513484857e-11 -1.38992760111e-08 -2.00459065698e-11 -9.31823076544e-09 -1.94993442765e-11 2.80028983843e-08 6.79752023428e-11 3.49428257814e-09 -3.97350342285e-11 -1.95068056985e-08 -1.40665240133e-11 7.98971620454e-10 -1.47993092854e-11 -2.80849638943e-09 2.63430685688e-11 2.95381109504e-08 -2.64060861185e-11 -1.16800324372e-08 2.27305765405e-11 -1.76874900528e-08 -4.45984677204e-11 7.29508399249e-09 4.984905438e-11 -9.90977080583e-10 -2.40801294839e-12  #

A_5_8 = 6.70634929631e-07 #
S_5_8 = 5.96721122338e-07 #
P_5_8 = 1 -3.31946474708e-11 0.0958696384737 -9.9549038441e-11 5.46788683102e-07 2.00170621528e-10 -3.99298045237e-08 -1.24340954604e-10 -6.44676413427e-09 1.15513484857e-11 -1.38992760111e-08 -2.00459065698e-11 -9.31823076544e-09 -1.94993442765e-11 2.80028983843e-08 6.79752023428e-11 3.49428257814e-09 -3.97350342285e-11 -1.95068056985e-08 -1.40665240133e-11 7.98971620454e-10 -1.47993092854e-11 -2.80849638943e-09 2.63430685688e-11 2.95381109504e-08 -2.64060861185e-11 -1.16800324372e-08 2.27305765405e-11 -1.76874900528e-08 -4.45984677204e-11 7.29508399249e-09 4.984905438e-11 -9.90977080583e-10 -2.40801294839e-12  #

A_5_9 = 5.61650671759e-07 #
S_5_9 = 5.6511783743e-07 #
P_5_9 = 1 -3.31946474708e-11 0.0958696384737 -9.9549038441e-11 5.46788683102e-07 2.00170621528e-10 -3.99298045237e-08 -1.24340954604e-10 -6.44676413427e-09 1.15513484857e-11 -1.38992760111e-08 -2.00459065698e-11 -9.31823076544e-09 -1.94993442765e-11 2.80028983843e-08 6.79752023428e-11 3.49428257814e-09 -3.97350342285e-11 -1.95068056985e-08 -1.40665240133e-11 7.98971620454e-10 -1.47993092854e-11 -2.80849638943e-09 2.63430685688e-11 2.95381109504e-08 -2.64060861185e-11 -1.16800324372e-08 2.27305765405e-11 -1.76874900528e-08 -4.45984677204e-11 7.29508399249e-09 4.984905438e-11 -9.90977080583e-10 -2.40801294839e-12  #

A_5_10 = 4.85580826679e-07 #
S_5_10 = 5.4197770297e-07 #
P_5_10 = 1 -3.31946474708e-11 0.0958696384737 -9.9549038441e-11 5.46788683102e-07 2.00170621528e-10 -3.99298045237e-08 -1.24340954604e-10 -6.44676413427e-09 1.15513484857e-11 -1.38992760111e-08 -2.00459065698e-11 -9.31823076544e-09 -1.94993442765e-11 2.80028983843e-08 6.79752023428e-11 3.49428257814e-09 -3.97350342285e-11 -1.95068056985e-08 -1.40665240133e-11 7.98971620454e-10 -1.47993092854e-11 -2.80849638943e-09 2.63430685688e-11 2.95381109504e-08 -2.64060861185e-11 -1.16800324372e-08 2.27305765405e-11 -1.76874900528e-08 -4.45984677204e-11 7.29508399249e-09 4.984905438e-11 -9.90977080583e-10 -2.40801294839e-12  #

A_5_11 = 2.80796257507e-07 #
S_5_11 = 4.60486409717e-07 #
P_5_11 = 1 -3.31946474708e-11 0.0958696384737 -9.9549038441e-11 5.46788683102e-07 2.00170621528e-10 -3.99298045237e-08 -1.24340954604e-10 -6.44676413427e-09 1.15513484857e-11 -1.38992760111e-08 -2.00459065698e-11 -9.31823076544e-09 -1.94993442765e-11 2.80028983843e-08 6.79752023428e-11 3.49428257814e-09 -3.97350342285e-11 -1.95068056985e-08 -1.40665240133e-11 7.98971620454e-10 -1.47993092854e-11 -2.80849638943e-09 2.63430685688e-11 2.95381109504e-08 -2.64060861185e-11 -1.16800324372e-08 2.27305765405e-11 -1.76874900528e-08 -4.45984677204e-11 7.29508399249e-09 4.984905438e-11 -9.90977080583e-10 -2.40801294839e-12  #

A_6_1 = 2.15474108796e-09 #
S_6_1 = 7.89439181907e-06 #
P_6_1 = 1 -3.31946474708e-11 0.0958696384737 -9.9549038441e-11 5.46788683102e-07 2.00170621528e-10 -3.99298045237e-08 -1.24340954604e-10 -6.44676413427e-09 1.15513484857e-11 -1.38992760111e-08 -2.00459065698e-11 -9.31823076544e-09 -1.94993442765e-11 2.80028983843e-08 6.79752023428e-11 3.49428257814e-09 -3.97350342285e-11 -1.95068056985e-08 -1.40665240133e-11 7.98971620454e-10 -1.47993092854e-11 -2.80849638943e-09 2.63430685688e-11 2.95381109504e-08 -2.64060861185e-11 -1.16800324372e-08 2.27305765405e-11 -1.76874900528e-08 -4.45984677204e-11 7.29508399249e-09 4.984905438e-11 -9.90977080583e-10 -2.40801294839e-12  #

A_6_2 = 5.78934760331e-09 #
S_6_2 = 6.9811580212e-06 #
P_6_2 = 1 -3.31946474708e-11 0.0958696384737 -9.9549038441e-11 5.46788683102e-07 2.00170621528e-10 -3.99298045237e-08 -1.24340954604e-10 -6.44676413427e-09 1.15513484857e-11 -1.38992760111e-08 -2.00459065698e-11 -9.31823076544e-09 -1.94993442765e-11 2.80028983843e-08 6.79752023428e-11 3.49428257814e-09 -3.97350342285e-11 -1.95068056985e-08 -1.40665240133e-11 7.98971620454e-10 -1.47993092854e-11 -2.80849638943e-09 2.63430685688e-11 2.95381109504e-08 -2.64060861185e-11 -1.16800324372e-08 2.27305765405e-11 -1.76874900528e-08 -4.45984677204e-11 7.29508399249e-09 4.984905438e-11 -9.90977080583e-10 -2.40801294839e-12  #

A_6_3 = 3.74186832608e-08 #
S_6_3 = 5.21801032344e-06 #
P_6_3 = 1 -3.31946474708e-11 0.0958696384737 -9.9549038441e-11 5.46788683102e-07 2.00170621528e-10 -3.99298045237e-08 -1.24340954604e-10 -6.44676413427e-09 1.15513484857e-11 -1.38992760111e-08 -2.00459065698e-11 -9.31823076544e-09 -1.94993442765e-11 2.80028983843e-08 6.79752023428e-11 3.49428257814e-09 -3.97350342285e-11 -1.95068056985e-08 -1.40665240133e-11 7.98971620454e-10 -1.47993092854e-11 -2.80849638943e-09 2.63430685688e-11 2.95381109504e-08 -2.64060861185e-11 -1.16800324372e-08 2.27305765405e-11 -1.76874900528e-08 -4.45984677204e-11 7.29508399249e-09 4.984905438e-11 -9.90977080583e-10 -2.40801294839e-12  #

A_6_4 = 1.86212894131e-07 #
S_6_4 = 3.41388214158e-06 #
P_6_4 = 1 -3.31946474708e-11 0.0958696384737 -9.9549038441e-11 5.46788683102e-07 2.00170621528e-10 -3.99298045237e-08 -1.24340954604e-10 -6.44676413427e-09 1.15513484857e-11 -1.38992760111e-08 -2.00459065698e-11 -9.31823076544e-09 -1.94993442765e-11 2.80028983843e-08 6.79752023428e-11 3.49428257814e-09 -3.97350342285e-11 -1.95068056985e-08 -1.40665240133e-11 7.98971620454e-10 -1.47993092854e-11 -2.80849638943e-09 2.63430685688e-11 2.95381109504e-08 -2.64060861185e-11 -1.16800324372e-08 2.27305765405e-11 -1.76874900528e-08 -4.45984677204e-11 7.29508399249e-09 4.984905438e-11 -9.90977080583e-10 -2.40801294839e-12  #

A_6_5 = 3.4447302942e-07 #
S_6_5 = 2.89783155866e-06 #
P_6_5 = 1 -3.31946474708e-11 0.0958696384737 -9.9549038441e-11 5.46788683102e-07 2.00170621528e-10 -3.99298045237e-08 -1.24340954604e-10 -6.44676413427e-09 1.15513484857e-11 -1.38992760111e-08 -2.00459065698e-11 -9.31823076544e-09 -1.94993442765e-11 2.80028983843e-08 6.79752023428e-11 3.49428257814e-09 -3.97350342285e-11 -1.95068056985e-08 -1.40665240133e-11 7.98971620454e-10 -1.47993092854e-11 -2.80849638943e-09 2.63430685688e-11 2.95381109504e-08 -2.64060861185e-11 -1.16800324372e-08 2.27305765405e-11 -1.76874900528e-08 -4.45984677204e-11 7.29508399249e-09 4.984905438e-11 -9.90977080583e-10 -2.40801294839e-12  #

A_6_6 = 9.21415792647e-07 #
S_6_6 = 1.97816830669e-06 #
P_6_6 = 1 -3.31946474708e-11 0.0958696384737 -9.9549038441e-11 5.46788683102e-07 2.00170621528e-10 -3.99298045237e-08 -1.24340954604e-10 -6.44676413427e-09 1.15513484857e-11 -1.38992760111e-08 -2.00459065698e-11 -9.31823076544e-09 -1.94993442765e-11 2.80028983843e-08 6.79752023428e-11 3.49428257814e-09 -3.97350342285e-11 -1.95068056985e-08 -1.40665240133e-11 7.98971620454e-10 -1.47993092854e-11 -2.80849638943e-09 2.63430685688e-11 2.95381109504e-08 -2.64060861185e-11 -1.16800324372e-08 2.27305765405e-11 -1.76874900528e-08 -4.45984677204e-11 7.29508399249e-09 4.984905438e-11 -9.90977080583e-10 -2.40801294839e-12  #

A_6_7 = 9.78302284008e-07 #
S_6_7 = 1.30787298413e-06 #
P_6_7 = 1 -3.31946474708e-11 0.0958696384737 -9.9549038441e-11 5.46788683102e-07 2.00170621528e-10 -3.99298045237e-08 -1.24340954604e-10 -6.44676413427e-09 1.15513484857e-11 -1.38992760111e-08 -2.00459065698e-11 -9.31823076544e-09 -1.94993442765e-11 2.80028983843e-08 6.79752023428e-11 3.49428257814e-09 -3.97350342285e-11 -1.95068056985e-08 -1.40665240133e-11 7.98971620454e-10 -1.47993092854e-11 -2.80849638943e-09 2.63430685688e-11 2.95381109504e-08 -2.64060861185e-11 -1.16800324372e-08 2.27305765405e-11 -1.76874900528e-08 -4.45984677204e-11 7.29508399249e-09 4.984905438e-11 -9.90977080583e-10 -2.40801294839e-12  #

A_6_8 = 4.64829104921e-07 #
S_6_8 = 9.84542394177e-07 #
P_6_8 = 1 -3.31946474708e-11 0.0958696384737 -9.9549038441e-11 5.46788683102e-07 2.00170621528e-10 -3.99298045237e-08 -1.24340954604e-10 -6.44676413427e-09 1.15513484857e-11 -1.38992760111e-08 -2.00459065698e-11 -9.31823076544e-09 -1.94993442765e-11 2.80028983843e-08 6.79752023428e-11 3.49428257814e-09 -3.97350342285e-11 -1.95068056985e-08 -1.40665240133e-11 7.98971620454e-10 -1.47993092854e-11 -2.80849638943e-09 2.63430685688e-11 2.95381109504e-08 -2.64060861185e-11 -1.16800324372e-08 2.27305765405e-11 -1.76874900528e-08 -4.45984677204e-11 7.29508399249e-09 4.984905438e-11 -9.90977080583e-10 -2.40801294839e-12  #

A_6_9 = 3.89262255127e-07 #
S_6_9 = 9.32399489156e-07 #
P_6_9 = 1 -3.31946474708e-11 0.0958696384737 -9.9549038441e-11 5.46788683102e-07 2.00170621528e-10 -3.99298045237e-08 -1.24340954604e-10 -6.44676413427e-09 1.15513484857e-11 -1.38992760111e-08 -2.00459065698e-11 -9.31823076544e-09 -1.94993442765e-11 2.80028983843e-08 6.79752023428e-11 3.49428257814e-09 -3.97350342285e-11 -1.95068056985e-08 -1.40665240133e-11 7.98971620454e-10 -1.47993092854e-11 -2.80849638943e-09 2.63430685688e-11 2.95381109504e-08 -2.64060861185e-11 -1.16800324372e-08 2.27305765405e-11 -1.76874900528e-08 -4.45984677204e-11 7.29508399249e-09 4.984905438e-11 -9.90977080583e-10 -2.40801294839e-12  #

A_6_10 = 3.36893518052e-07 #
S_6_10 = 8.94220110802e-07 #
P_6_10 = 1 -3.31946474708e-11 0.0958696384737 -9.9549038441e-11 5.46788683102e-07 2.00170621528e-10 -3.99298045237e-08 -1.24340954604e-10 -6.44676413427e-09 1.15513484857e-11 -1.38992760111e-08 -2.00459065698e-11 -9.31823076544e-09 -1.94993442765e-11 2.80028983843e-08 6.79752023428e-11 3.49428257814e-09 -3.97350342285e-11 -1.95068056985e-08 -1.40665240133e-11 7.98971620454e-10 -1.47993092854e-11 -2.80849638943e-09 2.63430685688e-11 2.95381109504e-08 -2.64060861185e-11 -1.16800324372e-08 2.27305765405e-11 -1.76874900528e-08 -4.45984677204e-11 7.29508399249e-09 4.984905438e-11 -9.90977080583e-10 -2.40801294839e-12  #

A_6_11 = 1.95011023822e-07 #
S_6_11 = 7.59765956732e-07 #
P_6_11 = 1 -3.31946474708e-11 0.0958696384737 -9.9549038441e-11 5.46788683102e-07 2.00170621528e-10 -3.99298045237e-08 -1.24340954604e-10 -6.44676413427e-09 1.15513484857e-11 -1.38992760111e-08 -2.00459065698e-11 -9.31823076544e-09 -1.94993442765e-11 2.80028983843e-08 6.79752023428e-11 3.49428257814e-09 -3.97350342285e-11 -1.95068056985e-08 -1.40665240133e-11 7.98971620454e-10 -1.47993092854e-11 -2.80849638943e-09 2.63430685688e-11 2.95381109504e-08 -2.64060861185e-11 -1.16800324372e-08 2.27305765405e-11 -1.76874900528e-08 -4.45984677204e-11 7.29508399249e-09 4.984905438e-11 -9.90977080583e-10 -2.40801294839e-12  #

A_7_1 = 2.68448318022e-09 #
S_7_1 = 1.31920385896e-05 #
P_7_1 = 1 -3.31946474708e-11 0.0958696384737 -9.9549038441e-11 5.46788683102e-07 2.00170621528e-10 -3.99298045237e-08 -1.24340954604e-10 -6.44676413427e-09 1.15513484857e-11 -1.38992760111e-08 -2.00459065698e-11 -9.31823076544e-09 -1.94993442765e-11 2.80028983843e-08 6.79752023428e-11 3.49428257814e-09 -3.97350342285e-11 -1.95068056985e-08 -1.40665240133e-11 7.98971620454e-10 -1.47993092854e-11 -2.80849638943e-09 2.63430685688e-11 2.95381109504e-08 -2.64060861185e-11 -1.16800324372e-08 2.27305765405e-11 -1.76874900528e-08 -4.45984677204e-11 7.29508399249e-09 4.984905438e-11 -9.90977080583e-10 -2.40801294839e-12  #

A_7_2 = 3.21291889107e-09 #
S_7_2 = 1.16659659012e-05 #
P_7_2 = 1 -3.31946474708e-11 0.0958696384737 -9.9549038441e-11 5.46788683102e-07 2.00170621528e-10 -3.99298045237e-08 -1.24340954604e-10 -6.44676413427e-09 1.15513484857e-11 -1.38992760111e-08 -2.00459065698e-11 -9.31823076544e-09 -1.94993442765e-11 2.80028983843e-08 6.79752023428e-11 3.49428257814e-09 -3.97350342285e-11 -1.95068056985e-08 -1.40665240133e-11 7.98971620454e-10 -1.47993092854e-11 -2.80849638943e-09 2.63430685688e-11 2.95381109504e-08 -2.64060861185e-11 -1.16800324372e-08 2.27305765405e-11 -1.76874900528e-08 -4.45984677204e-11 7.29508399249e-09 4.984905438e-11 -9.90977080583e-10 -2.40801294839e-12  #

A_7_3 = 2.74405662458e-08 #
S_7_3 = 8.71963223574e-06 #
P_7_3 = 1 -3.31946474708e-11 0.0958696384737 -9.9549038441e-11 5.46788683102e-07 2.00170621528e-10 -3.99298045237e-08 -1.24340954604e-10 -6.44676413427e-09 1.15513484857e-11 -1.38992760111e-08 -2.00459065698e-11 -9.31823076544e-09 -1.94993442765e-11 2.80028983843e-08 6.79752023428e-11 3.49428257814e-09 -3.97350342285e-11 -1.95068056985e-08 -1.40665240133e-11 7.98971620454e-10 -1.47993092854e-11 -2.80849638943e-09 2.63430685688e-11 2.95381109504e-08 -2.64060861185e-11 -1.16800324372e-08 2.27305765405e-11 -1.76874900528e-08 -4.45984677204e-11 7.29508399249e-09 4.984905438e-11 -9.90977080583e-10 -2.40801294839e-12  #

A_7_4 = 1.05526082643e-07 #
S_7_4 = 5.70481755946e-06 #
P_7_4 = 1 -3.31946474708e-11 0.0958696384737 -9.9549038441e-11 5.46788683102e-07 2.00170621528e-10 -3.99298045237e-08 -1.24340954604e-10 -6.44676413427e-09 1.15513484857e-11 -1.38992760111e-08 -2.00459065698e-11 -9.31823076544e-09 -1.94993442765e-11 2.80028983843e-08 6.79752023428e-11 3.49428257814e-09 -3.97350342285e-11 -1.95068056985e-08 -1.40665240133e-11 7.98971620454e-10 -1.47993092854e-11 -2.80849638943e-09 2.63430685688e-11 2.95381109504e-08 -2.64060861185e-11 -1.16800324372e-08 2.27305765405e-11 -1.76874900528e-08 -4.45984677204e-11 7.29508399249e-09 4.984905438e-11 -9.90977080583e-10 -2.40801294839e-12  #

A_7_5 = 2.14262883428e-07 #
S_7_5 = 4.84246368165e-06 #
P_7_5 = 1 -3.31946474708e-11 0.0958696384737 -9.9549038441e-11 5.46788683102e-07 2.00170621528e-10 -3.99298045237e-08 -1.24340954604e-10 -6.44676413427e-09 1.15513484857e-11 -1.38992760111e-08 -2.00459065698e-11 -9.31823076544e-09 -1.94993442765e-11 2.80028983843e-08 6.79752023428e-11 3.49428257814e-09 -3.97350342285e-11 -1.95068056985e-08 -1.40665240133e-11 7.98971620454e-10 -1.47993092854e-11 -2.80849638943e-09 2.63430685688e-11 2.95381109504e-08 -2.64060861185e-11 -1.16800324372e-08 2.27305765405e-11 -1.76874900528e-08 -4.45984677204e-11 7.29508399249e-09 4.984905438e-11 -9.90977080583e-10 -2.40801294839e-12  #

A_7_6 = 5.06669419974e-07 #
S_7_6 = 3.30564701277e-06 #
P_7_6 = 1 -3.31946474708e-11 0.0958696384737 -9.9549038441e-11 5.46788683102e-07 2.00170621528e-10 -3.99298045237e-08 -1.24340954604e-10 -6.44676413427e-09 1.15513484857e-11 -1.38992760111e-08 -2.00459065698e-11 -9.31823076544e-09 -1.94993442765e-11 2.80028983843e-08 6.79752023428e-11 3.49428257814e-09 -3.97350342285e-11 -1.95068056985e-08 -1.40665240133e-11 7.98971620454e-10 -1.47993092854e-11 -2.80849638943e-09 2.63430685688e-11 2.95381109504e-08 -2.64060861185e-11 -1.16800324372e-08 2.27305765405e-11 -1.76874900528e-08 -4.45984677204e-11 7.29508399249e-09 4.984905438e-11 -9.90977080583e-10 -2.40801294839e-12  #

A_7_7 = 5.36571160071e-07 #
S_7_7 = 2.18554022714e-06 #
P_7_7 = 1 -3.31946474708e-11 0.0958696384737 -9.9549038441e-11 5.46788683102e-07 2.00170621528e-10 -3.99298045237e-08 -1.24340954604e-10 -6.44676413427e-09 1.15513484857e-11 -1.38992760111e-08 -2.00459065698e-11 -9.31823076544e-09 -1.94993442765e-11 2.80028983843e-08 6.79752023428e-11 3.49428257814e-09 -3.97350342285e-11 -1.95068056985e-08 -1.40665240133e-11 7.98971620454e-10 -1.47993092854e-11 -2.80849638943e-09 2.63430685688e-11 2.95381109504e-08 -2.64060861185e-11 -1.16800324372e-08 2.27305765405e-11 -1.76874900528e-08 -4.45984677204e-11 7.29508399249e-09 4.984905438e-11 -9.90977080583e-10 -2.40801294839e-12  #

A_7_8 = 2.68688004649e-07 #
S_7_8 = 1.64523393381e-06 #
P_7_8 = 1 -3.31946474708e-11 0.0958696384737 -9.9549038441e-11 5.46788683102e-07 2.00170621528e-10 -3.99298045237e-08 -1.24340954604e-10 -6.44676413427e-09 1.15513484857e-11 -1.38992760111e-08 -2.00459065698e-11 -9.31823076544e-09 -1.94993442765e-11 2.80028983843e-08 6.79752023428e-11 3.49428257814e-09 -3.97350342285e-11 -1.95068056985e-08 -1.40665240133e-11 7.98971620454e-10 -1.47993092854e-11 -2.80849638943e-09 2.63430685688e-11 2.95381109504e-08 -2.64060861185e-11 -1.16800324372e-08 2.27305765405e-11 -1.76874900528e-08 -4.45984677204e-11 7.29508399249e-09 4.984905438e-11 -9.90977080583e-10 -2.40801294839e-12  #

A_7_9 = 2.13686559378e-07 #
S_7_9 = 1.55809976878e-06 #
P_7_9 = 1 -3.31946474708e-11 0.0958696384737 -9.9549038441e-11 5.46788683102e-07 2.00170621528e-10 -3.99298045237e-08 -1.24340954604e-10 -6.44676413427e-09 1.15513484857e-11 -1.38992760111e-08 -2.00459065698e-11 -9.31823076544e-09 -1.94993442765e-11 2.80028983843e-08 6.79752023428e-11 3.49428257814e-09 -3.97350342285e-11 -1.95068056985e-08 -1.40665240133e-11 7.98971620454e-10 -1.47993092854e-11 -2.80849638943e-09 2.63430685688e-11 2.95381109504e-08 -2.64060861185e-11 -1.16800324372e-08 2.27305765405e-11 -1.76874900528e-08 -4.45984677204e-11 7.29508399249e-09 4.984905438e-11 -9.90977080583e-10 -2.40801294839e-12  #

A_7_10 = 1.91919161568e-07 #
S_7_10 = 1.49429955622e-06 #
P_7_10 = 1 -3.31946474708e-11 0.0958696384737 -9.9549038441e-11 5.46788683102e-07 2.00170621528e-10 -3.99298045237e-08 -1.24340954604e-10 -6.44676413427e-09 1.15513484857e-11 -1.38992760111e-08 -2.00459065698e-11 -9.31823076544e-09 -1.94993442765e-11 2.80028983843e-08 6.79752023428e-11 3.49428257814e-09 -3.97350342285e-11 -1.95068056985e-08 -1.40665240133e-11 7.98971620454e-10 -1.47993092854e-11 -2.80849638943e-09 2.63430685688e-11 2.95381109504e-08 -2.64060861185e-11 -1.16800324372e-08 2.27305765405e-11 -1.76874900528e-08 -4.45984677204e-11 7.29508399249e-09 4.984905438e-11 -9.90977080583e-10 -2.40801294839e-12  #

A_7_11 = 2.22412444718e-07 #
S_7_11 = 1.26961798228e-06 #
P_7_11 = 1 -3.31946474708e-11 0.0958696384737 -9.9549038441e-11 5.46788683102e-07 2.00170621528e-10 -3.99298045237e-08 -1.24340954604e-10 -6.44676413427e-09 1.15513484857e-11 -1.38992760111e-08 -2.00459065698e-11 -9.31823076544e-09 -1.94993442765e-11 2.80028983843e-08 6.79752023428e-11 3.49428257814e-09 -3.97350342285e-11 -1.95068056985e-08 -1.40665240133e-11 7.98971620454e-10 -1.47993092854e-11 -2.80849638943e-09 2.63430685688e-11 2.95381109504e-08 -2.64060861185e-11 -1.16800324372e-08 2.27305765405e-11 -1.76874900528e-08 -4.45984677204e-11 7.29508399249e-09 4.984905438e-11 -9.90977080583e-10 -2.40801294839e-12  #

A_8_1 = 1.98255460608e-07 #
S_8_1 = 2.90952198918e-05 #
P_8_1 = 1 0.178666422237 0.17379997751 0.0642309046121 0.0386466423647 0.0234082515765 0.0142948871606 0.00878853817585 0.00543590254435 0.00338266756784 0.00211686969804 0.00133128934003 0.00084093416414 0.000533325659463 0.000339458317288 0.000216628900417 0.000138566911827 8.87689113148e-05 5.69677993292e-05 3.67024808606e-05 2.3795221314e-05 1.55693694553e-05 1.03079341696e-05 6.85223745515e-06 4.55093181862e-06 2.86833085737e-06 1.69474719264e-06 9.08973232046e-07 4.20489152019e-07 2.10220894331e-07 1.59428776075e-07 1.57698413037e-07 1.49365003262e-07 1.21485271e-07  #

A_8_2 = 1.75474392101e-07 #
S_8_2 = 2.63586369749e-05 #
P_8_2 = 1 0.181053053477 0.17343066462 0.0638703439417 0.0380860685459 0.0228838691739 0.0138773154953 0.00847816109601 0.00521369483323 0.00322739502726 0.00201000825804 0.00125842178329 0.000791544623791 0.000499990029258 0.000317022104287 0.000201558401826 0.000128457819352 8.19952018237e-05 5.2430806587e-05 3.36644067163e-05 2.17587013183e-05 1.42032162241e-05 9.38984931373e-06 6.23547623044e-06 4.13729638336e-06 2.5930573332e-06 1.51311172276e-06 7.91509150939e-07 3.45047891521e-07 1.62966202216e-07 1.29356908685e-07 1.38716815265e-07 1.38512809635e-07 1.14623835556e-07  #

A_8_3 = 2.72456258891e-07 #
S_8_3 = 2.09951260824e-05 #
P_8_3 = 1 0.226135981569 0.19327100966 0.0804575185565 0.0482598492062 0.029189312382 0.0178213506856 0.0109589453392 0.0067804659535 0.00422050077213 0.00264128441986 0.00166054571937 0.00104815291554 0.000663999858281 0.000421988574842 0.000268805973643 0.000171571467889 0.000109651009845 7.01853497951e-05 4.50838377819e-05 2.91306924105e-05 1.89917121582e-05 1.25225510574e-05 8.29112071443e-06 5.4774231133e-06 3.44517164236e-06 2.02913673447e-06 1.08211826428e-06 4.95769438188e-07 2.38432261125e-07 1.70771173829e-07 1.66952004931e-07 1.60093265692e-07 1.24000109772e-07  #

A_8_4 = 3.49956947453e-07 #
S_8_4 = 1.52313740196e-05 #
P_8_4 = 1 0.210673070424 0.178601854872 0.0683734427256 0.0392125793712 0.0228000709348 0.0134615288371 0.00803109079935 0.00483290994195 0.0029340215766 0.00179496782704 0.00110492555049 0.000683794712494 0.000425227842572 0.000265558318142 0.000166332041832 0.000104445152372 6.56807651913e-05 4.13706223902e-05 2.6183593649e-05 1.67029028586e-05 1.07939427693e-05 7.09274969748e-06 4.69041925097e-06 3.09861821093e-06 1.89650567491e-06 1.04451918923e-06 4.79655846827e-07 1.36753937313e-07 2.93720640982e-08 4.32731542246e-08 8.51308554428e-08 1.09804342408e-07 9.34891770479e-08  #

A_8_5 = 4.57473797628e-07 #
S_8_5 = 1.35582146752e-05 #
P_8_5 = 1 0.186848414773 0.164770921447 0.0571724941698 0.0318048705548 0.0180075727289 0.0103994718517 0.00608156838181 0.00359346938232 0.00214668482395 0.00129455644587 0.000786437980922 0.000480789663426 0.000295639855522 0.000182712272116 0.000113299928288 7.04630903254e-05 4.38884954622e-05 2.73786570993e-05 1.71812804674e-05 1.08855196856e-05 7.01099213594e-06 4.61361223055e-06 3.0606271514e-06 2.03387296018e-06 1.21853882641e-06 6.32450470288e-07 2.47204201176e-07 1.42251604287e-08 -3.30161224713e-08 6.14616643074e-09 5.71512727532e-08 8.80698672009e-08 7.90915607214e-08  #

A_8_6 = 6.13711532423e-07 #
S_8_6 = 1.04626004914e-05 #
P_8_6 = 1 0.351080784588 0.246790036081 0.125404697656 0.0755509188114 0.0459674765286 0.0282320756876 0.0174457948733 0.0108339972349 0.00676011887154 0.00423516117029 0.0026619213338 0.00167781581031 0.00106022416314 0.00067144290672 0.00042589950195 0.000270492146067 0.000171928875793 0.000109392599585 6.97968146329e-05 4.47544441616e-05 2.89322138051e-05 1.88921519183e-05 1.23879599132e-05 8.08671531349e-06 5.05962718247e-06 2.96122299578e-06 1.56359008916e-06 7.01323986291e-07 3.04122515207e-07 1.78663042315e-07 1.63023641235e-07 1.60987304211e-07 1.09445020744e-07  #

A_8_7 = 6.10204314739e-07 #
S_8_7 = 7.73268608554e-06 #
P_8_7 = 1 0.338521556849 0.231254652802 0.112714319204 0.0656212170724 0.0387698168843 0.0232172569631 0.0140131901143 0.00851205480924 0.00520371004397 0.00319802471845 0.00197346619153 0.00122215778705 0.000759340026817 0.000473108571401 0.000295349601016 0.000184663469854 0.000115559454404 7.23926951192e-05 4.55122102459e-05 2.87985075564e-05 1.84302252093e-05 1.19640893724e-05 7.81592166979e-06 5.08043861815e-06 3.10625960645e-06 1.71721858826e-06 7.95971895948e-07 2.41873953672e-07 3.79727191994e-08 2.48551841872e-08 7.46516507297e-08 1.13619249546e-07 8.6253875013e-08  #

A_8_8 = 4.43605764179e-07 #
S_8_8 = 6.32135925758e-06 #
P_8_8 = 1 0.314356068241 0.212828356451 0.098057015634 0.0552154043573 0.0317361387346 0.018576975469 0.0109776207774 0.00653832446344 0.00392674421616 0.00237400023503 0.00144242113257 0.000880250646965 0.000539351026422 0.000331615387679 0.000204369206163 0.000126180646403 7.79765747529e-05 4.8237924943e-05 2.99740665191e-05 1.87782232982e-05 1.19424238947e-05 7.74324103451e-06 5.06441817478e-06 3.29663817252e-06 1.97166094084e-06 1.02137519954e-06 3.92921065805e-07 2.25049654145e-08 -7.4814467035e-08 -3.44734646646e-08 4.01568222405e-08 9.28582836437e-08 7.55417903258e-08  #

A_8_9 = 3.90770630627e-07 #
S_8_9 = 6.0940322966e-06 #
P_8_9 = 1 0.318712991846 0.214331657998 0.099360334083 0.0559310830916 0.0321425153931 0.0188114150253 0.0111129360512 0.00661657899814 0.00397210231347 0.00240026601496 0.00145759293816 0.000888989070479 0.00054436480608 0.000334476565596 0.000205990536232 0.000127090188557 7.84801574065e-05 4.85121241976e-05 3.01207053539e-05 1.88555447922e-05 1.19833821012e-05 7.76539310778e-06 5.07662832482e-06 3.30250367017e-06 1.97322821128e-06 1.01933284598e-06 3.88459656606e-07 1.71576702193e-08 -7.97179506909e-08 -3.81923484415e-08 3.7911369723e-08 9.18189585202e-08 7.46603576243e-08  #

A_8_10 = 3.80138609287e-07 #
S_8_10 = 5.9580789984e-06 #
P_8_10 = 1 0.352488158906 0.232645046817 0.114258199838 0.0656193732633 0.0383399875321 0.0227390888272 0.0135945732558 0.00818142920189 0.00495721678407 0.00302003900881 0.00184752708198 0.00113436565981 0.000698821815008 0.0004317401538 0.000267260312248 0.00016569134883 0.0001028018557 6.38436167877e-05 3.97995932738e-05 2.49884800894e-05 1.58941552265e-05 1.02778515675e-05 6.69731206624e-06 4.33897689681e-06 2.61861163763e-06 1.39765091232e-06 5.88974118871e-07 1.09572851751e-07 -4.48107729213e-08 -2.67609856102e-08 4.36336316938e-08 9.6680380118e-08 7.57847524771e-08  #

A_8_11 = 5.54973832057e-07 #
S_8_11 = 5.49564226261e-06 #
P_8_11 = 1 0.436830339002 0.282461081733 0.15512827612 0.0931174848349 0.0564342717119 0.034480575299 0.021165451514 0.0130413825901 0.00806525017739 0.00500283763358 0.00311060157278 0.00193810085703 0.00120985394252 0.000756478109083 0.000473524865565 0.000296639258048 0.000185900228622 0.000116574555079 7.32871205418e-05 4.63079269994e-05 2.95268574804e-05 1.90397507667e-05 1.23435246958e-05 7.95051057207e-06 4.8816997968e-06 2.75107572565e-06 1.3392562095e-06 4.85598480243e-07 1.18654674865e-07 3.44116836058e-08 6.5609316343e-08 1.04679022166e-07 7.31760774769e-08  #

A_9_1 = 1.24470471881e-06 #
S_9_1 = 5.45490085603e-05 #
P_9_1 = 1 0.297916047997 0.250628656037 0.13160670126 0.0876008541934 0.0583610844718 0.0389073028415 0.0259476883878 0.0173084973043 0.0115473270052 0.0077044343436 0.00514071960679 0.00343030445719 0.00228909285652 0.00152762775922 0.00101934705189 0.000680125844959 0.000453699783782 0.000302693996393 0.000202100752436 0.000135182122129 9.06462836674e-05 6.09793269854e-05 4.10365489355e-05 2.75518905296e-05 1.82140256908e-05 1.18040295956e-05 7.4333221664e-06 4.55880914128e-06 2.7768478824e-06 1.73495503343e-06 1.09393980421e-06 6.55597856215e-07 3.56202483145e-07  #

A_9_2 = 1.20640666528e-06 #
S_9_2 = 5.02907007669e-05 #
P_9_2 = 1 0.312247815519 0.257571644184 0.137399707231 0.0912767664176 0.0606896887473 0.0403786222515 0.0268740651906 0.0178894212638 0.0119100007642 0.00792971237876 0.00527985597813 0.00351567769062 0.00234108234969 0.00155899973549 0.00103806832664 0.000691138797782 0.000460061362637 0.000306279625936 0.000204058660389 0.000136203166207 9.11453110949e-05 6.11940946623e-05 4.11027483269e-05 2.75394776303e-05 1.81623373725e-05 1.17312709421e-05 7.35411801552e-06 4.48131680021e-06 2.71010778074e-06 1.6814646246e-06 1.05554366803e-06 6.32372089223e-07 3.40461608958e-07  #

A_9_3 = 1.29080409796e-06 #
S_9_3 = 4.18263012544e-05 #
P_9_3 = 1 0.346209529187 0.273916702521 0.151011860839 0.0998718508567 0.0661058110051 0.0437812936543 0.0290033358202 0.0192159616161 0.0127324219232 0.00843677390343 0.00559051791894 0.00370462897077 0.00245502826989 0.00162699926417 0.00107812642874 0.000714339733676 0.000473204697393 0.000313499164385 0.000207860172956 0.000138076941441 9.19746906165e-05 6.14762476598e-05 4.11153163696e-05 2.74198669336e-05 1.79851864666e-05 1.15275335769e-05 7.14974629344e-06 4.28992470317e-06 2.54873650685e-06 1.55362306775e-06 9.64315620594e-07 5.77170733497e-07 3.03768947241e-07  #

A_9_4 = 1.22348969499e-06 #
S_9_4 = 3.26362716295e-05 #
P_9_4 = 1 0.394449903074 0.296861552177 0.170048991695 0.111781529375 0.0735359618874 0.0483986754253 0.0318588369427 0.0209725658105 0.0138067022419 0.00908932637936 0.00598379353581 0.00393944663163 0.00259365997868 0.00170768598358 0.00112423283182 0.000740029840173 0.000487021684032 0.000320538106335 0.000211142825637 0.000139353831025 9.2251805622e-05 6.12943835796e-05 4.07590801914e-05 2.70131567874e-05 1.7587392777e-05 1.11518497028e-05 6.81114046147e-06 3.99344910818e-06 2.30756939015e-06 1.36665612603e-06 8.3253282528e-07 4.97549819401e-07 2.52824390854e-07  #

A_9_5 = 1.58720777477e-06 #
S_9_5 = 2.98430842661e-05 #
P_9_5 = 1 0.412272328061 0.305250154276 0.176983670523 0.116082897632 0.0761946002895 0.0500339570074 0.032858824123 0.0215802308986 0.01417333981 0.00930868337248 0.00611372711631 0.00401547703792 0.00263747163115 0.00173242778029 0.00113782745001 0.000747204718421 0.000490577499196 0.000322110098818 0.000211676602609 0.000139379886161 9.20628763103e-05 6.10377442309e-05 4.05049764859e-05 2.67845888561e-05 1.73914203051e-05 1.09834776875e-05 6.66890415592e-06 3.87469983857e-06 2.21365340313e-06 1.29521902962e-06 7.82795763785e-07 4.67605670272e-07 2.34332178642e-07  #

A_9_6 = 1.33520567296e-06 #
S_9_6 = 2.44032537693e-05 #
P_9_6 = 1 0.449041804737 0.321492700236 0.19014717322 0.1238339637 0.080701917235 0.0526102805518 0.0342983215914 0.0223603804853 0.0145777434097 0.00950376769066 0.0061958589999 0.0040394358253 0.00263366726624 0.00171718553031 0.00111950730345 0.000729741594454 0.000475562005479 0.00030992916342 0.000202169011174 0.000132156174233 8.66924098609e-05 5.71062434478e-05 3.76631109888e-05 2.47394205742e-05 1.59254821144e-05 9.92595983079e-06 5.90675968351e-06 3.32577121107e-06 1.82786566062e-06 1.03088871377e-06 6.13974696737e-07 3.72926429123e-07 1.84248955195e-07  #

A_9_7 = 1.26373036859e-06 #
S_9_7 = 1.94825999312e-05 #
P_9_7 = 1 0.479082843191 0.33321481161 0.199263977221 0.128580517376 0.0830220801466 0.0536187720171 0.0346285129599 0.0223639755591 0.014443239114 0.00932762283831 0.00602389649557 0.00389043816628 0.00251271103518 0.00162294138284 0.00104812641884 0.000676773887029 0.000436870210771 0.00028200882386 0.000182224789687 0.000118026675005 7.67586134999e-05 5.01639718926e-05 3.28393735839e-05 2.13969861687e-05 1.36191118509e-05 8.33428518521e-06 4.8138306324e-06 2.5801922856e-06 1.33042466547e-06 7.08049823953e-07 4.18291450926e-07 2.68399504824e-07 1.34967121284e-07  #

A_9_8 = 1.28791006858e-06 #
S_9_8 = 1.68226888422e-05 #
P_9_8 = 1 0.497267820816 0.340010119759 0.20447455273 0.131169316844 0.0841941588947 0.054052018712 0.0346996998397 0.0222759513203 0.014300288759 0.00917999501923 0.00589305747632 0.00378315540379 0.00242880142147 0.001559360122 0.00100103554621 0.000642484534329 0.000412232852802 0.000264492523588 0.000169880698691 0.000109390877633 7.07578182735e-05 4.60166882909e-05 2.99881894416e-05 1.94419309398e-05 1.22843909686e-05 7.42343153177e-06 4.19529557955e-06 2.16344128473e-06 1.0554155395e-06 5.31611575179e-07 3.12573772668e-07 2.12368123727e-07 1.09172093907e-07  #

A_9_9 = 1.03965243773e-06 #
S_9_9 = 1.63670143647e-05 #
P_9_9 = 1 0.500522544709 0.341197475816 0.205377670658 0.131605610049 0.0843818932834 0.0541127820563 0.0347002707042 0.0222516636161 0.0142688729224 0.00914967536259 0.00586708533836 0.00376230972245 0.00241274405017 0.00154733601233 0.000992216212876 0.000636116114512 0.000407690734934 0.000261284811847 0.000167634006504 0.000107828104927 6.96776744635e-05 4.5273960649e-05 2.94800600446e-05 1.90951765318e-05 1.20488356425e-05 7.26353400797e-06 4.08729612949e-06 2.09112560394e-06 1.00795972449e-06 5.01345892539e-07 2.94547988967e-07 2.02851622713e-07 1.04846256305e-07  #

A_9_10 = 1.11069612071e-06 #
S_9_10 = 1.60275458546e-05 #
P_9_10 = 1 0.502973180206 0.342085088122 0.206051151418 0.131928147095 0.0845183882251 0.0541548383053 0.0346980214942 0.0222314974436 0.0142439336981 0.00912598633878 0.00584696481252 0.00374624931832 0.00240042218235 0.00153813808399 0.000985487350672 0.000631268129152 0.000404239923442 0.000258852217234 0.000165933045512 0.000106646776393 6.88623564039e-05 4.47141035759e-05 2.90975452288e-05 1.88344826688e-05 1.18719826029e-05 7.1436595647e-06 4.00645016771e-06 2.03708656633e-06 9.72553330072e-07 4.7880335443e-07 2.81145165794e-07 1.9578358465e-07 1.01645168808e-07  #

A_9_11 = 2.99795129611e-06 #
S_9_11 = 1.47714396225e-05 #
P_9_11 = 1 0.512014365652 0.34532231143 0.208498069151 0.133084211722 0.0849949265992 0.0542899017684 0.0346755496954 0.0221474698296 0.0141455819891 0.00903452984884 0.00577020793414 0.00368547368732 0.00235407689889 0.00150371317816 0.00096040939116 0.000613267423782 0.000391470355445 0.000249878805881 0.00015967691204 0.000102313961846 6.58798595826e-05 4.26713029025e-05 2.77052712896e-05 1.78879044546e-05 1.12314505512e-05 6.71064484056e-06 3.71517842729e-06 1.84299543657e-06 8.45716765607e-07 3.98277206714e-07 2.33405015175e-07 1.70642568791e-07 9.03281854055e-08  #

