4e-07 0.0202763
4.02e-07 0.0194569
4.04e-07 0.0188618
4.06e-07 0.0182066
4.08e-07 0.0177154
4.1e-07 0.0172712
4.12e-07 0.0167823
4.14e-07 0.0163256
4.16e-07 0.0156568
4.18e-07 0.015304
4.2e-07 0.014863
4.22e-07 0.0144632
4.24e-07 0.014079
4.26e-07 0.0136012
4.28e-07 0.0131236
4.3e-07 0.0126461
4.32e-07 0.0120888
4.34e-07 0.0115967
4.36e-07 0.0111274
4.38e-07 0.010566
4.4e-07 0.0100216
4.42e-07 0.00956508
4.44e-07 0.00908156
4.46e-07 0.00860646
4.48e-07 0.00818635
4.5e-07 0.00792327
4.52e-07 0.00767225
4.54e-07 0.00740017
4.56e-07 0.00726201
4.58e-07 0.00712089
4.6e-07 0.00698308
4.62e-07 0.00681298
4.64e-07 0.00666431
4.66e-07 0.00652136
4.68e-07 0.00637628
4.7e-07 0.00623504
4.72e-07 0.00607717
4.74e-07 0.00593389
4.76e-07 0.00577552
4.78e-07 0.00562569
4.8e-07 0.00548032
4.82e-07 0.00532306
4.84e-07 0.0051775
4.86e-07 0.00503601
4.88e-07 0.00485621
4.9e-07 0.00466187
4.92e-07 0.00447807
4.94e-07 0.00427585
4.96e-07 0.0040391
4.98e-07 0.003809
5e-07 0.0035749
5.02e-07 0.00333523
5.04e-07 0.00310482
5.06e-07 0.0028859
5.08e-07 0.00268618
5.1e-07 0.00251149
5.12e-07 0.00233844
5.14e-07 0.00216741
5.16e-07 0.00210662
5.18e-07 0.00205996
5.2e-07 0.00201141
5.22e-07 0.00196561
5.24e-07 0.00191763
5.26e-07 0.0018711
5.28e-07 0.0018249
5.3e-07 0.00177396
5.32e-07 0.00172113
5.34e-07 0.00166918
5.36e-07 0.00162075
5.38e-07 0.00156768
5.4e-07 0.00151594
5.42e-07 0.00146629
5.44e-07 0.001414
5.46e-07 0.00135267
5.48e-07 0.00129434
5.5e-07 0.00123808
5.52e-07 0.00119465
5.54e-07 0.00116473
5.56e-07 0.00113503
5.58e-07 0.00110656
5.6e-07 0.00107718
5.62e-07 0.00104651
5.64e-07 0.00101787
5.66e-07 0.000989197
5.68e-07 0.000949206
5.7e-07 0.000907757
5.72e-07 0.000867353
5.74e-07 0.00082921
5.76e-07 0.000776218
5.78e-07 0.000721746
5.8e-07 0.000672335
5.82e-07 0.000626737
5.84e-07 0.000574109
5.86e-07 0.000523621
5.88e-07 0.000477377
5.9e-07 0.000434705
5.92e-07 0.000391932
5.94e-07 0.000352592
5.96e-07 0.000317614
5.98e-07 0.000286301
6e-07 0.000264052
6.02e-07 0.0002469
6.04e-07 0.000229893
6.06e-07 0.0002148
6.08e-07 0.000205166
6.1e-07 0.000201878
6.12e-07 0.00019849
6.14e-07 0.000195245
6.16e-07 0.000191552
6.18e-07 0.00018792
6.2e-07 0.000183612
6.22e-07 0.000179405
6.24e-07 0.000175971
6.26e-07 0.000171355
6.28e-07 0.000168056
6.3e-07 0.000163627
6.32e-07 0.000160127
6.34e-07 0.000156892
6.36e-07 0.000153544
6.38e-07 0.000149815
6.4e-07 0.000146484
6.42e-07 0.000143628
6.44e-07 0.000140085
6.46e-07 0.000136288
6.48e-07 0.000132769
6.5e-07 0.000129763
6.52e-07 0.00012477
6.54e-07 0.000119185
6.56e-07 0.000114135
6.58e-07 0.00010949
6.6e-07 0.000105092
6.62e-07 0.00010272
6.64e-07 0.000100074
6.66e-07 9.78118e-05
6.68e-07 9.5482e-05
6.7e-07 9.3526e-05
6.72e-07 9.1598e-05
6.74e-07 8.99988e-05
6.76e-07 8.82572e-05
6.78e-07 8.65474e-05
6.8e-07 8.45496e-05
6.82e-07 8.26697e-05
6.84e-07 8.0723e-05
6.86e-07 7.9037e-05
6.88e-07 7.70298e-05
6.9e-07 7.42115e-05
6.92e-07 7.157e-05
6.94e-07 6.90319e-05
6.96e-07 6.5811e-05
6.98e-07 6.27999e-05
7e-07 6.04592e-05
7.02e-07 5.71714e-05
7.04e-07 5.40383e-05
7.06e-07 5.15952e-05
7.08e-07 4.72904e-05
7.1e-07 4.31321e-05

