4e-07 0.0176887
4.02e-07 0.0171031
4.04e-07 0.0166874
4.06e-07 0.0161985
4.08e-07 0.0158258
4.1e-07 0.0154858
4.12e-07 0.0151049
4.14e-07 0.0147463
4.16e-07 0.0141952
4.18e-07 0.0139158
4.2e-07 0.0135637
4.22e-07 0.0132576
4.24e-07 0.0129661
4.26e-07 0.012594
4.28e-07 0.0122077
4.3e-07 0.0118096
4.32e-07 0.0113243
4.34e-07 0.0108836
4.36e-07 0.0104622
4.38e-07 0.00995082
4.4e-07 0.00944998
4.42e-07 0.00903
4.44e-07 0.00857961
4.46e-07 0.00814242
4.48e-07 0.00775603
4.5e-07 0.00751664
4.52e-07 0.00729325
4.54e-07 0.00705067
4.56e-07 0.00693082
4.58e-07 0.00681123
4.6e-07 0.00669639
4.62e-07 0.00654959
4.64e-07 0.00642234
4.66e-07 0.00629501
4.68e-07 0.00616209
4.7e-07 0.0060274
4.72e-07 0.00587295
4.74e-07 0.00572456
4.76e-07 0.00556114
4.78e-07 0.00540241
4.8e-07 0.00524995
4.82e-07 0.00508828
4.84e-07 0.00494155
4.86e-07 0.00479746
4.88e-07 0.00461868
4.9e-07 0.00442391
4.92e-07 0.00424099
4.94e-07 0.00404264
4.96e-07 0.00381282
4.98e-07 0.00359033
5e-07 0.00336399
5.02e-07 0.00313353
5.04e-07 0.0029139
5.06e-07 0.00270585
5.08e-07 0.00251716
5.1e-07 0.00235112
5.12e-07 0.00218821
5.14e-07 0.00202781
5.16e-07 0.00196694
5.18e-07 0.00192209
5.2e-07 0.00187531
5.22e-07 0.00183034
5.24e-07 0.00178382
5.26e-07 0.00173923
5.28e-07 0.00169518
5.3e-07 0.00164705
5.32e-07 0.00159798
5.34e-07 0.00154989
5.36e-07 0.00150436
5.38e-07 0.0014552
5.4e-07 0.00140774
5.42e-07 0.0013617
5.44e-07 0.00131351
5.46e-07 0.00125707
5.48e-07 0.00120371
5.5e-07 0.00115179
5.52e-07 0.00111178
5.54e-07 0.00108329
5.56e-07 0.00105577
5.58e-07 0.00102903
5.6e-07 0.00100129
5.62e-07 0.00097352
5.64e-07 0.000946124
5.66e-07 0.000919863
5.68e-07 0.000882624
5.7e-07 0.000843542
5.72e-07 0.000806311
5.74e-07 0.000771481
5.76e-07 0.000721674
5.78e-07 0.000671631
5.8e-07 0.000626177
5.82e-07 0.000583681
5.84e-07 0.000534392
5.86e-07 0.000487451
5.88e-07 0.000444751
5.9e-07 0.000405309
5.92e-07 0.000365371
5.94e-07 0.000328821
5.96e-07 0.000295568
5.98e-07 0.000266314
6e-07 0.000246203
6.02e-07 0.000229797
6.04e-07 0.000213976
6.06e-07 0.000199348
6.08e-07 0.000190677
6.1e-07 0.000187435
6.12e-07 0.000184043
6.14e-07 0.000180842
6.16e-07 0.000177354
6.18e-07 0.000173393
6.2e-07 0.000169579
6.22e-07 0.000165878
6.24e-07 0.000162109
6.26e-07 0.000158165
6.28e-07 0.0001544
6.3e-07 0.000150771
6.32e-07 0.000147185
6.34e-07 0.000143495
6.36e-07 0.000140245
6.38e-07 0.000137783
6.4e-07 0.000134643
6.42e-07 0.00013116
6.44e-07 0.000128007
6.46e-07 0.000125694
6.48e-07 0.000121621
6.5e-07 0.000118199
6.52e-07 0.000113549
6.54e-07 0.000108652
6.56e-07 0.00010384
6.58e-07 9.9539e-05
6.6e-07 9.55016e-05
6.62e-07 9.30286e-05
6.64e-07 9.07883e-05
6.66e-07 8.84804e-05
6.68e-07 8.63648e-05
6.7e-07 8.44615e-05
6.72e-07 8.27279e-05
6.74e-07 8.10929e-05
6.76e-07 7.94979e-05
6.78e-07 7.80602e-05
6.8e-07 7.60834e-05
6.82e-07 7.43194e-05
6.84e-07 7.24829e-05
6.86e-07 7.07404e-05
6.88e-07 6.91173e-05
6.9e-07 6.63684e-05
6.92e-07 6.38062e-05
6.94e-07 6.15348e-05
6.96e-07 5.93133e-05
6.98e-07 5.66924e-05
7e-07 5.35949e-05
7.02e-07 5.08175e-05
7.04e-07 4.75938e-05
7.06e-07 4.53949e-05
7.08e-07 4.2e-05
7.1e-07 3.91583e-05

