4e-07 0.0189088
4.02e-07 0.0182162
4.04e-07 0.0177181
4.06e-07 0.0171526
4.08e-07 0.0167252
4.1e-07 0.0163378
4.12e-07 0.0159053
4.14e-07 0.0155008
4.16e-07 0.0148943
4.18e-07 0.0145803
4.2e-07 0.0141873
4.22e-07 0.0138364
4.24e-07 0.013501
4.26e-07 0.013079
4.28e-07 0.0126493
4.3e-07 0.0122132
4.32e-07 0.0116936
4.34e-07 0.0112282
4.36e-07 0.0107837
4.38e-07 0.0102482
4.4e-07 0.00972634
4.42e-07 0.00928883
4.44e-07 0.00882242
4.46e-07 0.00836691
4.48e-07 0.00796431
4.5e-07 0.00771341
4.52e-07 0.00747683
4.54e-07 0.00722008
4.56e-07 0.00709122
4.58e-07 0.00696118
4.6e-07 0.00683536
4.62e-07 0.00667719
4.64e-07 0.00653964
4.66e-07 0.00640455
4.68e-07 0.00626571
4.7e-07 0.00612785
4.72e-07 0.00597184
4.74e-07 0.00582592
4.76e-07 0.00566499
4.78e-07 0.00551069
4.8e-07 0.00536163
4.82e-07 0.00520215
4.84e-07 0.00505599
4.86e-07 0.00491326
4.88e-07 0.00473401
4.9e-07 0.0045395
4.92e-07 0.0043562
4.94e-07 0.00415613
4.96e-07 0.00392276
4.98e-07 0.00369716
5e-07 0.00346662
5.02e-07 0.00323197
5.04e-07 0.00300716
5.06e-07 0.00279361
5.08e-07 0.00259968
5.1e-07 0.00242967
5.12e-07 0.00226159
5.14e-07 0.00209586
5.16e-07 0.00203621
5.18e-07 0.00198949
5.2e-07 0.00194202
5.22e-07 0.00189662
5.24e-07 0.00184946
5.26e-07 0.00180357
5.28e-07 0.00175865
5.3e-07 0.00170915
5.32e-07 0.00165849
5.34e-07 0.0016084
5.36e-07 0.00156169
5.38e-07 0.00151029
5.4e-07 0.00146087
5.42e-07 0.00141303
5.44e-07 0.00136265
5.46e-07 0.00130413
5.48e-07 0.00124831
5.5e-07 0.00119378
5.52e-07 0.00115305
5.54e-07 0.00112304
5.56e-07 0.00109488
5.58e-07 0.00106759
5.6e-07 0.00103911
5.62e-07 0.00100966
5.64e-07 0.000981593
5.66e-07 0.000954246
5.68e-07 0.000915994
5.7e-07 0.000874979
5.72e-07 0.000836672
5.74e-07 0.000800381
5.76e-07 0.000748578
5.78e-07 0.000697004
5.8e-07 0.000649281
5.82e-07 0.000605372
5.84e-07 0.000553884
5.86e-07 0.000505504
5.88e-07 0.000461053
5.9e-07 0.000420443
5.92e-07 0.000379112
5.94e-07 0.000340871
5.96e-07 0.000306741
5.98e-07 0.000276493
6e-07 0.000255336
6.02e-07 0.000238368
6.04e-07 0.000222143
6.06e-07 0.000206997
6.08e-07 0.000198322
6.1e-07 0.000194662
6.12e-07 0.000191016
6.14e-07 0.000188058
6.16e-07 0.00018483
6.18e-07 0.00018071
6.2e-07 0.000176633
6.22e-07 0.000172703
6.24e-07 0.000168821
6.26e-07 0.000165064
6.28e-07 0.000160928
6.3e-07 0.000157522
6.32e-07 0.00015393
6.34e-07 0.000150105
6.36e-07 0.000146822
6.38e-07 0.000143827
6.4e-07 0.000140528
6.42e-07 0.000137292
6.44e-07 0.000133935
6.46e-07 0.00013072
6.48e-07 0.000127172
6.5e-07 0.00012412
6.52e-07 0.000119319
6.54e-07 0.000114125
6.56e-07 0.000109154
6.58e-07 0.000104439
6.6e-07 0.000100411
6.62e-07 9.79292e-05
6.64e-07 9.55684e-05
6.66e-07 9.31276e-05
6.68e-07 9.08368e-05
6.7e-07 8.88537e-05
6.72e-07 8.71285e-05
6.74e-07 8.56637e-05
6.76e-07 8.39114e-05
6.78e-07 8.23355e-05
6.8e-07 8.03826e-05
6.82e-07 7.86945e-05
6.84e-07 7.8887e-05
6.86e-07 7.52913e-05
6.88e-07 7.29277e-05
6.9e-07 7.03168e-05
6.92e-07 6.74991e-05
6.94e-07 6.52904e-05
6.96e-07 6.26275e-05
6.98e-07 6.02168e-05
7e-07 5.64044e-05
7.02e-07 5.32328e-05
7.04e-07 5.1e-05
7.06e-07 4.87159e-05
7.08e-07 4.53541e-05
7.1e-07 4.16897e-05

