4e-07 0.0163782
4.02e-07 0.0159523
4.04e-07 0.0156001
4.06e-07 0.0152312
4.08e-07 0.0149351
4.1e-07 0.0146748
4.12e-07 0.0144
4.14e-07 0.0141442
4.16e-07 0.0137951
4.18e-07 0.0135781
4.2e-07 0.0133276
4.22e-07 0.0130945
4.24e-07 0.012854
4.26e-07 0.0125682
4.28e-07 0.0122709
4.3e-07 0.0119682
4.32e-07 0.0116072
4.34e-07 0.0112685
4.36e-07 0.0109386
4.38e-07 0.0105479
4.4e-07 0.0101536
4.42e-07 0.00979803
4.44e-07 0.00939096
4.46e-07 0.00898056
4.48e-07 0.00860582
4.5e-07 0.00835897
4.52e-07 0.00812687
4.54e-07 0.00786768
4.56e-07 0.00772801
4.58e-07 0.00758633
4.6e-07 0.0074506
4.62e-07 0.00727861
4.64e-07 0.00712863
4.66e-07 0.00697873
4.68e-07 0.00682253
4.7e-07 0.00666643
4.72e-07 0.0064956
4.74e-07 0.00633934
4.76e-07 0.00616988
4.78e-07 0.00600718
4.8e-07 0.00585145
4.82e-07 0.00568089
4.84e-07 0.00552588
4.86e-07 0.00537355
4.88e-07 0.00518098
4.9e-07 0.00497008
4.92e-07 0.00476817
4.94e-07 0.00454821
4.96e-07 0.0042885
4.98e-07 0.00403317
5e-07 0.00377184
5.02e-07 0.00350465
5.04e-07 0.00324972
5.06e-07 0.00300818
5.08e-07 0.00278982
5.1e-07 0.00259811
5.12e-07 0.00241006
5.14e-07 0.00222616
5.16e-07 0.00215808
5.18e-07 0.00210499
5.2e-07 0.00205192
5.22e-07 0.00200124
5.24e-07 0.00194927
5.26e-07 0.00189897
5.28e-07 0.00184932
5.3e-07 0.00179603
5.32e-07 0.00174107
5.34e-07 0.00168742
5.36e-07 0.00163682
5.38e-07 0.00158201
5.4e-07 0.00152851
5.42e-07 0.00147676
5.44e-07 0.00142245
5.46e-07 0.0013592
5.48e-07 0.00129971
5.5e-07 0.00124191
5.52e-07 0.00119741
5.54e-07 0.00116577
5.56e-07 0.00113509
5.58e-07 0.00110558
5.6e-07 0.00107504
5.62e-07 0.00104403
5.64e-07 0.00101377
5.66e-07 0.00098491
5.68e-07 0.000944267
5.7e-07 0.000901384
5.72e-07 0.000860774
5.74e-07 0.000822025
5.76e-07 0.00076788
5.78e-07 0.000713995
5.8e-07 0.000664245
5.82e-07 0.0006185
5.84e-07 0.000565068
5.86e-07 0.000514682
5.88e-07 0.000468563
5.9e-07 0.000426554
5.92e-07 0.000383807
5.94e-07 0.000344574
5.96e-07 0.000309538
5.98e-07 0.000278473
6e-07 0.000256887
6.02e-07 0.000239519
6.04e-07 0.000222819
6.06e-07 0.000207387
6.08e-07 0.000198236
6.1e-07 0.000194623
6.12e-07 0.00019113
6.14e-07 0.000187697
6.16e-07 0.000184189
6.18e-07 0.000179896
6.2e-07 0.000175707
6.22e-07 0.000171735
6.24e-07 0.00016675
6.26e-07 0.000163603
6.28e-07 0.00015962
6.3e-07 0.000155707
6.32e-07 0.00015189
6.34e-07 0.000148209
6.36e-07 0.000144786
6.38e-07 0.000142399
6.4e-07 0.00013826
6.42e-07 0.000134995
6.44e-07 0.000131422
6.46e-07 0.000127916
6.48e-07 0.000124449
6.5e-07 0.00012133
6.52e-07 0.00011633
6.54e-07 0.000111126
6.56e-07 0.000106347
6.58e-07 0.000101611
6.6e-07 9.75664e-05
6.62e-07 9.49981e-05
6.64e-07 9.25428e-05
6.66e-07 9.01877e-05
6.68e-07 8.78916e-05
6.7e-07 8.59227e-05
6.72e-07 8.41746e-05
6.74e-07 8.24099e-05
6.76e-07 8.08104e-05
6.78e-07 7.91401e-05
6.8e-07 7.71437e-05
6.82e-07 7.52734e-05
6.84e-07 7.33664e-05
6.86e-07 7.15649e-05
6.88e-07 6.95973e-05
6.9e-07 6.68168e-05
6.92e-07 6.42029e-05
6.94e-07 6.17462e-05
6.96e-07 5.93844e-05
6.98e-07 5.65845e-05
7e-07 5.35911e-05
7.02e-07 5.06461e-05
7.04e-07 4.78903e-05
7.06e-07 4.53628e-05
7.08e-07 4.21835e-05
7.1e-07 3.88094e-05

