4e-07 0.016534
4.02e-07 0.016147
4.04e-07 0.0158278
4.06e-07 0.0154901
4.08e-07 0.0152211
4.1e-07 0.0149861
4.12e-07 0.0147357
4.14e-07 0.014503
4.16e-07 0.0141762
4.18e-07 0.0139798
4.2e-07 0.0137495
4.22e-07 0.0135346
4.24e-07 0.0133129
4.26e-07 0.0130443
4.28e-07 0.012763
4.3e-07 0.012475
4.32e-07 0.0121282
4.34e-07 0.0118004
4.36e-07 0.0114817
4.38e-07 0.0110997
4.4e-07 0.010712
4.42e-07 0.0103599
4.44e-07 0.00995886
4.46e-07 0.00954968
4.48e-07 0.00917445
4.5e-07 0.00893375
4.52e-07 0.00870167
4.54e-07 0.0084429
4.56e-07 0.0083081
4.58e-07 0.00817084
4.6e-07 0.00803933
4.62e-07 0.00786891
4.64e-07 0.00772128
4.66e-07 0.00757299
4.68e-07 0.00741771
4.7e-07 0.00726195
4.72e-07 0.00708983
4.74e-07 0.00693279
4.76e-07 0.00676079
4.78e-07 0.00659543
4.8e-07 0.00643702
4.82e-07 0.00626194
4.84e-07 0.00610311
4.86e-07 0.00594664
4.88e-07 0.00574553
4.9e-07 0.00552351
4.92e-07 0.00531034
4.94e-07 0.00507646
4.96e-07 0.0047973
4.98e-07 0.00452155
5e-07 0.0042378
5.02e-07 0.00394588
5.04e-07 0.00366609
5.06e-07 0.00340004
5.08e-07 0.00315867
5.1e-07 0.00294664
5.12e-07 0.00273755
5.14e-07 0.00253236
5.16e-07 0.00245898
5.18e-07 0.00240256
5.2e-07 0.00234607
5.22e-07 0.00229163
5.24e-07 0.00223569
5.26e-07 0.00218166
5.28e-07 0.00212836
5.3e-07 0.0020702
5.32e-07 0.00201012
5.34e-07 0.00195107
5.36e-07 0.00189566
5.38e-07 0.00183487
5.4e-07 0.00177547
5.42e-07 0.0017181
5.44e-07 0.00165726
5.46e-07 0.00158574
5.48e-07 0.00151836
5.5e-07 0.00145278
5.52e-07 0.0014028
5.54e-07 0.0013678
5.56e-07 0.00133396
5.58e-07 0.00130121
5.6e-07 0.0012673
5.62e-07 0.0012325
5.64e-07 0.00119862
5.66e-07 0.00116623
5.68e-07 0.00111956
5.7e-07 0.00107
5.72e-07 0.00102302
5.74e-07 0.000978458
5.76e-07 0.000914569
5.78e-07 0.000851077
5.8e-07 0.000792587
5.82e-07 0.000737341
5.84e-07 0.000675109
5.86e-07 0.000615096
5.88e-07 0.000560333
5.9e-07 0.000510344
5.92e-07 0.000459334
5.94e-07 0.00041245
5.96e-07 0.000370756
5.98e-07 0.000333739
6e-07 0.000308091
6.02e-07 0.000287472
6.04e-07 0.000267801
6.06e-07 0.000249566
6.08e-07 0.000238899
6.1e-07 0.000234948
6.12e-07 0.000231048
6.14e-07 0.000227285
6.16e-07 0.000223362
6.18e-07 0.000218542
6.2e-07 0.000213813
6.22e-07 0.000209262
6.24e-07 0.000204608
6.26e-07 0.000199925
6.28e-07 0.000195377
6.3e-07 0.000190884
6.32e-07 0.000186685
6.34e-07 0.000182584
6.36e-07 0.00017861
6.38e-07 0.000174648
6.4e-07 0.000170959
6.42e-07 0.000167185
6.44e-07 0.000163032
6.46e-07 0.000159044
6.48e-07 0.000155403
6.5e-07 0.000151593
6.52e-07 0.000145439
6.54e-07 0.00013888
6.56e-07 0.0001332
6.58e-07 0.000127278
6.6e-07 0.000122429
6.62e-07 0.000119467
6.64e-07 0.000116624
6.66e-07 0.000113706
6.68e-07 0.000111105
6.7e-07 0.000108786
6.72e-07 0.000106716
6.74e-07 0.000104751
6.76e-07 0.000102788
6.78e-07 0.000100852
6.8e-07 9.85084e-05
6.82e-07 9.62129e-05
6.84e-07 9.39235e-05
6.86e-07 9.18126e-05
6.88e-07 8.94286e-05
6.9e-07 8.59952e-05
6.92e-07 8.27453e-05
6.94e-07 7.97075e-05
6.96e-07 7.67097e-05
6.98e-07 7.33293e-05
7e-07 6.94664e-05
7.02e-07 6.57748e-05
7.04e-07 6.23677e-05
7.06e-07 5.91422e-05
7.08e-07 5.50358e-05
7.1e-07 5.07542e-05

