4e-07 0.0163236
4.02e-07 0.0158953
4.04e-07 0.0155406
4.06e-07 0.0151692
4.08e-07 0.0148715
4.1e-07 0.0146091
4.12e-07 0.0143322
4.14e-07 0.0140745
4.16e-07 0.0137235
4.18e-07 0.0135053
4.2e-07 0.0132535
4.22e-07 0.0130178
4.24e-07 0.0127768
4.26e-07 0.0124897
4.28e-07 0.0121916
4.3e-07 0.0118882
4.32e-07 0.0115277
4.34e-07 0.0111873
4.36e-07 0.0108574
4.38e-07 0.0104663
4.4e-07 0.0100729
4.42e-07 0.00971419
4.44e-07 0.00931141
4.46e-07 0.00890195
4.48e-07 0.00852816
4.5e-07 0.00828157
4.52e-07 0.0080496
4.54e-07 0.00779109
4.56e-07 0.00765125
4.58e-07 0.0075092
4.6e-07 0.00737331
4.62e-07 0.00720149
4.64e-07 0.00705152
4.66e-07 0.0069017
4.68e-07 0.00674565
4.7e-07 0.00658984
4.72e-07 0.00641951
4.74e-07 0.00626364
4.76e-07 0.00609469
4.78e-07 0.00593255
4.8e-07 0.00577747
4.82e-07 0.0056078
4.84e-07 0.00545342
4.86e-07 0.00530183
4.88e-07 0.00511059
4.9e-07 0.00490125
4.92e-07 0.00470098
4.94e-07 0.004483
4.96e-07 0.00422589
4.98e-07 0.00397321
5e-07 0.00371482
5.02e-07 0.00345081
5.04e-07 0.00319898
5.06e-07 0.00296054
5.08e-07 0.00274492
5.1e-07 0.00255589
5.12e-07 0.00237029
5.14e-07 0.00218907
5.16e-07 0.00212171
5.18e-07 0.00206906
5.2e-07 0.0020168
5.22e-07 0.0019663
5.24e-07 0.00191473
5.26e-07 0.001865
5.28e-07 0.00181577
5.3e-07 0.00176318
5.32e-07 0.00170876
5.34e-07 0.00165565
5.36e-07 0.00160569
5.38e-07 0.00155159
5.4e-07 0.00149878
5.42e-07 0.00144778
5.44e-07 0.0013942
5.46e-07 0.00133203
5.48e-07 0.00127348
5.5e-07 0.00121663
5.52e-07 0.0011728
5.54e-07 0.00114153
5.56e-07 0.00111129
5.58e-07 0.00108211
5.6e-07 0.001052
5.62e-07 0.00102144
5.64e-07 0.000991654
5.66e-07 0.00096318
5.68e-07 0.000923232
5.7e-07 0.000881123
5.72e-07 0.000841257
5.74e-07 0.000803468
5.76e-07 0.000750214
5.78e-07 0.000697498
5.8e-07 0.000648969
5.82e-07 0.000603906
5.84e-07 0.000552015
5.86e-07 0.000502666
5.88e-07 0.000457604
5.9e-07 0.000416507
5.92e-07 0.000374824
5.94e-07 0.000336403
5.96e-07 0.000302263
5.98e-07 0.000271903
6e-07 0.000250759
6.02e-07 0.000233679
6.04e-07 0.000217454
6.06e-07 0.00020239
6.08e-07 0.000193441
6.1e-07 0.000189918
6.12e-07 0.000186411
6.14e-07 0.000182916
6.16e-07 0.000179479
6.18e-07 0.000175204
6.2e-07 0.000170323
6.22e-07 0.000167307
6.24e-07 0.000162834
6.26e-07 0.000159044
6.28e-07 0.000155462
6.3e-07 0.000149139
6.32e-07 0.000147634
6.34e-07 0.000144185
6.36e-07 0.000140599
6.38e-07 0.000137603
6.4e-07 0.000134341
6.42e-07 0.000131517
6.44e-07 0.000127703
6.46e-07 0.000124231
6.48e-07 0.000120901
6.5e-07 0.000117738
6.52e-07 0.000112939
6.54e-07 0.000107908
6.56e-07 0.000103151
6.58e-07 9.85332e-05
6.6e-07 9.4549e-05
6.62e-07 9.20391e-05
6.64e-07 8.97182e-05
6.66e-07 8.74073e-05
6.68e-07 8.51314e-05
6.7e-07 8.32836e-05
6.72e-07 8.14952e-05
6.74e-07 7.97921e-05
6.76e-07 7.81567e-05
6.78e-07 7.65772e-05
6.8e-07 7.46501e-05
6.82e-07 7.2712e-05
6.84e-07 7.09516e-05
6.86e-07 6.91703e-05
6.88e-07 6.72357e-05
6.9e-07 6.46163e-05
6.92e-07 6.20435e-05
6.94e-07 5.96097e-05
6.96e-07 5.73049e-05
6.98e-07 5.46125e-05
7e-07 5.16881e-05
7.02e-07 4.88858e-05
7.04e-07 4.62381e-05
7.06e-07 4.37296e-05
7.08e-07 4.06415e-05
7.1e-07 3.73778e-05

