4e-07 0.0163564
4.02e-07 0.0159273
4.04e-07 0.0155741
4.06e-07 0.015204
4.08e-07 0.0149073
4.1e-07 0.0146461
4.12e-07 0.0143704
4.14e-07 0.0141138
4.16e-07 0.0137624
4.18e-07 0.0135465
4.2e-07 0.0132841
4.22e-07 0.0130608
4.24e-07 0.0128201
4.26e-07 0.012534
4.28e-07 0.0122362
4.3e-07 0.0119333
4.32e-07 0.011573
4.34e-07 0.0112327
4.36e-07 0.0109032
4.38e-07 0.0105119
4.4e-07 0.0101181
4.42e-07 0.00975967
4.44e-07 0.00935609
4.46e-07 0.00894614
4.48e-07 0.00857177
4.5e-07 0.00832505
4.52e-07 0.00809302
4.54e-07 0.00783413
4.56e-07 0.00769438
4.58e-07 0.0075525
4.6e-07 0.00741673
4.62e-07 0.00724486
4.64e-07 0.00709488
4.66e-07 0.00694499
4.68e-07 0.00678891
4.7e-07 0.00663287
4.72e-07 0.00646227
4.74e-07 0.00630618
4.76e-07 0.00613694
4.78e-07 0.00597446
4.8e-07 0.00581904
4.82e-07 0.00564887
4.84e-07 0.00549415
4.86e-07 0.00534208
4.88e-07 0.00515012
4.9e-07 0.00493991
4.92e-07 0.00473872
4.94e-07 0.00451967
4.96e-07 0.00426107
4.98e-07 0.0040069
5e-07 0.00374686
5.02e-07 0.0034811
5.04e-07 0.0032275
5.06e-07 0.00298739
5.08e-07 0.00277003
5.1e-07 0.00257961
5.12e-07 0.00239266
5.14e-07 0.00220991
5.16e-07 0.00214218
5.18e-07 0.00208923
5.2e-07 0.00203674
5.22e-07 0.001986
5.24e-07 0.00193415
5.26e-07 0.00188405
5.28e-07 0.00183462
5.3e-07 0.00178171
5.32e-07 0.00172705
5.34e-07 0.00167352
5.36e-07 0.00162323
5.38e-07 0.00156868
5.4e-07 0.00151548
5.42e-07 0.00146408
5.44e-07 0.00141012
5.46e-07 0.00134731
5.48e-07 0.00128821
5.5e-07 0.00123079
5.52e-07 0.00118665
5.54e-07 0.0011551
5.56e-07 0.00112471
5.58e-07 0.00109537
5.6e-07 0.00106495
5.62e-07 0.00103415
5.64e-07 0.00100413
5.66e-07 0.000975402
5.68e-07 0.00093504
5.7e-07 0.000892466
5.72e-07 0.000852197
5.74e-07 0.000814018
5.76e-07 0.000760181
5.78e-07 0.00070676
5.8e-07 0.000657565
5.82e-07 0.000611999
5.84e-07 0.000559374
5.86e-07 0.000509385
5.88e-07 0.0004638
5.9e-07 0.000422218
5.92e-07 0.000379852
5.94e-07 0.00034091
5.96e-07 0.00030633
5.98e-07 0.00027562
6e-07 0.000254187
6.02e-07 0.000236841
6.04e-07 0.000220454
6.06e-07 0.000205276
6.08e-07 0.000196186
6.1e-07 0.000192635
6.12e-07 0.000189008
6.14e-07 0.00018563
6.16e-07 0.000182137
6.18e-07 0.000177836
6.2e-07 0.000173787
6.22e-07 0.000169542
6.24e-07 0.000164295
6.26e-07 0.000161245
6.28e-07 0.000156442
6.3e-07 0.000153785
6.32e-07 0.000150362
6.34e-07 0.000146714
6.36e-07 0.000143063
6.38e-07 0.000139858
6.4e-07 0.000136655
6.42e-07 0.000133296
6.44e-07 0.000129155
6.46e-07 0.000126282
6.48e-07 0.000122927
6.5e-07 0.000119682
6.52e-07 0.000114813
6.54e-07 0.000109718
6.56e-07 0.000104918
6.58e-07 0.00010028
6.6e-07 9.62189e-05
6.62e-07 9.3753e-05
6.64e-07 9.13341e-05
6.66e-07 8.89771e-05
6.68e-07 8.67038e-05
6.7e-07 8.47995e-05
6.72e-07 8.30374e-05
6.74e-07 8.12825e-05
6.76e-07 7.96403e-05
6.78e-07 7.80316e-05
6.8e-07 7.60078e-05
6.82e-07 7.41582e-05
6.84e-07 7.23112e-05
6.86e-07 7.04958e-05
6.88e-07 6.85577e-05
6.9e-07 6.58719e-05
6.92e-07 6.32618e-05
6.94e-07 6.08469e-05
6.96e-07 5.84998e-05
6.98e-07 5.56942e-05
7e-07 5.27699e-05
7.02e-07 4.98567e-05
7.04e-07 4.71314e-05
7.06e-07 4.46516e-05
7.08e-07 4.15206e-05
7.1e-07 3.81982e-05

