4e-07 0.0163405
4.02e-07 0.0159131
4.04e-07 0.0155592
4.06e-07 0.0151886
4.08e-07 0.0148911
4.1e-07 0.0146296
4.12e-07 0.0143535
4.14e-07 0.0140965
4.16e-07 0.0137207
4.18e-07 0.0135254
4.2e-07 0.0132755
4.22e-07 0.0130421
4.24e-07 0.0128009
4.26e-07 0.0125143
4.28e-07 0.0122164
4.3e-07 0.0119133
4.32e-07 0.011553
4.34e-07 0.0112124
4.36e-07 0.0108827
4.38e-07 0.0104918
4.4e-07 0.010098
4.42e-07 0.00973909
4.44e-07 0.00933626
4.46e-07 0.00892653
4.48e-07 0.00855237
4.5e-07 0.00830572
4.52e-07 0.00807375
4.54e-07 0.00781504
4.56e-07 0.00767521
4.58e-07 0.00753326
4.6e-07 0.00739748
4.62e-07 0.0072256
4.64e-07 0.00707559
4.66e-07 0.00692574
4.68e-07 0.00676965
4.7e-07 0.00661372
4.72e-07 0.00644315
4.74e-07 0.00628725
4.76e-07 0.00611826
4.78e-07 0.00595584
4.8e-07 0.00580059
4.82e-07 0.00563056
4.84e-07 0.005476
4.86e-07 0.00532419
4.88e-07 0.00513254
4.9e-07 0.00492275
4.92e-07 0.00472189
4.94e-07 0.00450335
4.96e-07 0.00424543
4.98e-07 0.00399194
5e-07 0.00373264
5.02e-07 0.00346759
5.04e-07 0.00321485
5.06e-07 0.00297553
5.08e-07 0.00275893
5.1e-07 0.00256908
5.12e-07 0.00238276
5.14e-07 0.00220065
5.16e-07 0.00213297
5.18e-07 0.00208027
5.2e-07 0.00202789
5.22e-07 0.00197722
5.24e-07 0.00192546
5.26e-07 0.00187549
5.28e-07 0.00182643
5.3e-07 0.00177341
5.32e-07 0.00171882
5.34e-07 0.00166561
5.36e-07 0.00161547
5.38e-07 0.00156109
5.4e-07 0.00150808
5.42e-07 0.0014568
5.44e-07 0.00140306
5.46e-07 0.00134053
5.48e-07 0.00128166
5.5e-07 0.00122452
5.52e-07 0.00118048
5.54e-07 0.00114905
5.56e-07 0.00111872
5.58e-07 0.00108945
5.6e-07 0.00105916
5.62e-07 0.00102849
5.64e-07 0.000998545
5.66e-07 0.000969996
5.68e-07 0.000929814
5.7e-07 0.000887448
5.72e-07 0.000847327
5.74e-07 0.000809168
5.76e-07 0.000755593
5.78e-07 0.00070275
5.8e-07 0.000653823
5.82e-07 0.000608435
5.84e-07 0.000556149
5.86e-07 0.000506413
5.88e-07 0.000461043
5.9e-07 0.000419694
5.92e-07 0.000377613
5.94e-07 0.000338932
5.96e-07 0.000304567
5.98e-07 0.000273849
6e-07 0.000252617
6.02e-07 0.000235526
6.04e-07 0.000219121
6.06e-07 0.00020399
6.08e-07 0.000194925
6.1e-07 0.000191413
6.12e-07 0.000187859
6.14e-07 0.000184476
6.16e-07 0.000180984
6.18e-07 0.000176814
6.2e-07 0.00017247
6.22e-07 0.000168824
6.24e-07 0.000164783
6.26e-07 0.000160522
6.28e-07 0.000156615
6.3e-07 0.000152975
6.32e-07 0.000149207
6.34e-07 0.00014574
6.36e-07 0.000142176
6.38e-07 0.000138697
6.4e-07 0.000135668
6.42e-07 0.000132435
6.44e-07 0.000128827
6.46e-07 0.000125418
6.48e-07 0.000122082
6.5e-07 0.000118865
6.52e-07 0.000113965
6.54e-07 0.000108965
6.56e-07 0.000104093
6.58e-07 9.949e-05
6.6e-07 9.54338e-05
6.62e-07 9.30229e-05
6.64e-07 9.06181e-05
6.66e-07 8.83067e-05
6.68e-07 8.60654e-05
6.7e-07 8.4041e-05
6.72e-07 8.23248e-05
6.74e-07 8.06839e-05
6.76e-07 7.89384e-05
6.78e-07 7.74076e-05
6.8e-07 7.5433e-05
6.82e-07 7.35408e-05
6.84e-07 7.1697e-05
6.86e-07 6.99217e-05
6.88e-07 6.80083e-05
6.9e-07 6.52968e-05
6.92e-07 6.27436e-05
6.94e-07 6.02623e-05
6.96e-07 5.79172e-05
6.98e-07 5.5264e-05
7e-07 5.22389e-05
7.02e-07 4.94219e-05
7.04e-07 4.67562e-05
7.06e-07 4.42539e-05
7.08e-07 4.11168e-05
7.1e-07 3.78556e-05

