4e-07 0.0163411
4.02e-07 0.015865
4.04e-07 0.0155328
4.06e-07 0.0151618
4.08e-07 0.0149105
4.1e-07 0.0146978
4.12e-07 0.0144386
4.14e-07 0.014203
4.16e-07 0.0137743
4.18e-07 0.013549
4.2e-07 0.0133154
4.22e-07 0.0130753
4.24e-07 0.0128244
4.26e-07 0.0125108
4.28e-07 0.0121734
4.3e-07 0.0118271
4.32e-07 0.0113903
4.34e-07 0.0109872
4.36e-07 0.010597
4.38e-07 0.0101134
4.4e-07 0.00963406
4.42e-07 0.00921537
4.44e-07 0.00875426
4.46e-07 0.00830211
4.48e-07 0.00790463
4.5e-07 0.00765558
4.52e-07 0.007426
4.54e-07 0.00717241
4.56e-07 0.00704428
4.58e-07 0.00691438
4.6e-07 0.00679014
4.62e-07 0.00662926
4.64e-07 0.00648988
4.66e-07 0.00635063
4.68e-07 0.0062049
4.7e-07 0.00605952
4.72e-07 0.00590023
4.74e-07 0.00575547
4.76e-07 0.00559877
4.78e-07 0.00544925
4.8e-07 0.00530698
4.82e-07 0.00515141
4.84e-07 0.00501103
4.86e-07 0.00487347
4.88e-07 0.00469986
4.9e-07 0.0045107
4.92e-07 0.0043305
4.94e-07 0.00413508
4.96e-07 0.00390514
4.98e-07 0.00367967
5e-07 0.0034492
5.02e-07 0.00321351
5.04e-07 0.00298811
5.06e-07 0.00277376
5.08e-07 0.00257931
5.1e-07 0.00240817
5.12e-07 0.00223902
5.14e-07 0.00207342
5.16e-07 0.00201239
5.18e-07 0.00196437
5.2e-07 0.00191712
5.22e-07 0.00187129
5.24e-07 0.00182454
5.26e-07 0.00177892
5.28e-07 0.00173419
5.3e-07 0.00168604
5.32e-07 0.00163597
5.34e-07 0.00158713
5.36e-07 0.00154102
5.38e-07 0.0014907
5.4e-07 0.00144187
5.42e-07 0.00139426
5.44e-07 0.00134425
5.46e-07 0.00128551
5.48e-07 0.00123073
5.5e-07 0.00117718
5.52e-07 0.00113593
5.54e-07 0.00110654
5.56e-07 0.00107816
5.58e-07 0.00105101
5.6e-07 0.00102275
5.62e-07 0.00099342
5.64e-07 0.00096567
5.66e-07 0.000938289
5.68e-07 0.000900763
5.7e-07 0.000860369
5.72e-07 0.000821942
5.74e-07 0.000785822
5.76e-07 0.000734041
5.78e-07 0.000683467
5.8e-07 0.000636106
5.82e-07 0.000592812
5.84e-07 0.000542063
5.86e-07 0.000494235
5.88e-07 0.000450669
5.9e-07 0.000410576
5.92e-07 0.000369557
5.94e-07 0.000332326
5.96e-07 0.000299032
5.98e-07 0.000268935
6e-07 0.000248354
6.02e-07 0.000231693
6.04e-07 0.000216067
6.06e-07 0.000201173
6.08e-07 0.000192716
6.1e-07 0.000189104
6.12e-07 0.000185535
6.14e-07 0.000182172
6.16e-07 0.000179067
6.18e-07 0.000175167
6.2e-07 0.00017132
6.22e-07 0.000167066
6.24e-07 0.000163468
6.26e-07 0.000159473
6.28e-07 0.000155511
6.3e-07 0.000151938
6.32e-07 0.000148455
6.34e-07 0.000145055
6.36e-07 0.000141315
6.38e-07 0.00013826
6.4e-07 0.000135323
6.42e-07 0.000132141
6.44e-07 0.000128492
6.46e-07 0.000125413
6.48e-07 0.000122083
6.5e-07 0.000118754
6.52e-07 0.00011428
6.54e-07 0.000109005
6.56e-07 0.000104436
6.58e-07 9.9923e-05
6.6e-07 9.58914e-05
6.62e-07 9.33517e-05
6.64e-07 9.11233e-05
6.66e-07 8.87091e-05
6.68e-07 8.66034e-05
6.7e-07 8.4628e-05
6.72e-07 8.30482e-05
6.74e-07 8.14e-05
6.76e-07 7.97289e-05
6.78e-07 7.81302e-05
6.8e-07 7.61418e-05
6.82e-07 7.43581e-05
6.84e-07 7.25709e-05
6.86e-07 7.08365e-05
6.88e-07 6.90416e-05
6.9e-07 6.6354e-05
6.92e-07 6.38862e-05
6.94e-07 6.10504e-05
6.96e-07 5.91444e-05
6.98e-07 5.61721e-05
7e-07 5.34821e-05
7.02e-07 5.0219e-05
7.04e-07 4.74261e-05
7.06e-07 4.48892e-05
7.08e-07 4.21067e-05
7.1e-07 3.85699e-05

