4e-07 0.0191099
4.02e-07 0.018404
4.04e-07 0.0179024
4.06e-07 0.0173598
4.08e-07 0.0169756
4.1e-07 0.0166468
4.12e-07 0.0162706
4.14e-07 0.0159205
4.16e-07 0.0153505
4.18e-07 0.0150675
4.2e-07 0.0147054
4.22e-07 0.0143799
4.24e-07 0.0140573
4.26e-07 0.0136448
4.28e-07 0.0132214
4.3e-07 0.0127926
4.32e-07 0.0122671
4.34e-07 0.0117864
4.36e-07 0.0113233
4.38e-07 0.0107628
4.4e-07 0.0102118
4.42e-07 0.00973364
4.44e-07 0.00921165
4.46e-07 0.00870573
4.48e-07 0.008263
4.5e-07 0.00798359
4.52e-07 0.00772696
4.54e-07 0.00744645
4.56e-07 0.00730175
4.58e-07 0.00715577
4.6e-07 0.00701685
4.62e-07 0.00683991
4.64e-07 0.00668656
4.66e-07 0.00653406
4.68e-07 0.0063754
4.7e-07 0.00621811
4.72e-07 0.00604684
4.74e-07 0.00589141
4.76e-07 0.00572416
4.78e-07 0.00556486
4.8e-07 0.00541382
4.82e-07 0.00524984
4.84e-07 0.00510171
4.86e-07 0.00495713
4.88e-07 0.00477579
4.9e-07 0.00457888
4.92e-07 0.00439182
4.94e-07 0.00418984
4.96e-07 0.00395292
4.98e-07 0.00372116
5e-07 0.00348492
5.02e-07 0.00324363
5.04e-07 0.00301363
5.06e-07 0.00279529
5.08e-07 0.00259764
5.1e-07 0.0024237
5.12e-07 0.00225253
5.14e-07 0.00208417
5.16e-07 0.00202199
5.18e-07 0.00197359
5.2e-07 0.00192588
5.22e-07 0.0018793
5.24e-07 0.00183212
5.26e-07 0.00178593
5.28e-07 0.0017404
5.3e-07 0.00169189
5.32e-07 0.00164113
5.34e-07 0.0015917
5.36e-07 0.00154533
5.38e-07 0.00149489
5.4e-07 0.00144558
5.42e-07 0.00139764
5.44e-07 0.00134715
5.46e-07 0.00128834
5.48e-07 0.00123308
5.5e-07 0.00117921
5.52e-07 0.00113797
5.54e-07 0.00110842
5.56e-07 0.00108006
5.58e-07 0.00105254
5.6e-07 0.00102423
5.62e-07 0.000994917
5.64e-07 0.000967008
5.66e-07 0.000939465
5.68e-07 0.00090144
5.7e-07 0.000861146
5.72e-07 0.000822819
5.74e-07 0.000786006
5.76e-07 0.000734594
5.78e-07 0.000683555
5.8e-07 0.000635698
5.82e-07 0.000592942
5.84e-07 0.000542315
5.86e-07 0.000494637
5.88e-07 0.000450278
5.9e-07 0.00041081
5.92e-07 0.000369846
5.94e-07 0.000331963
5.96e-07 0.000298718
5.98e-07 0.00026902
6e-07 0.000248532
6.02e-07 0.00023181
6.04e-07 0.000215748
6.06e-07 0.00020129
6.08e-07 0.000192136
6.1e-07 0.000189356
6.12e-07 0.000185809
6.14e-07 0.000182413
6.16e-07 0.000179311
6.18e-07 0.00017475
6.2e-07 0.000171036
6.22e-07 0.000167428
6.24e-07 0.000163086
6.26e-07 0.000159147
6.28e-07 0.000155869
6.3e-07 0.000151692
6.32e-07 0.000148148
6.34e-07 0.000144911
6.36e-07 0.00014172
6.38e-07 0.000138134
6.4e-07 0.000135326
6.42e-07 0.000131655
6.44e-07 0.000128062
6.46e-07 0.000125125
6.48e-07 0.000121979
6.5e-07 0.000119042
6.52e-07 0.000113902
6.54e-07 0.000109058
6.56e-07 0.00010432
6.58e-07 9.98814e-05
6.6e-07 9.57924e-05
6.62e-07 9.35221e-05
6.64e-07 9.10045e-05
6.66e-07 8.88389e-05
6.68e-07 8.65771e-05
6.7e-07 8.47688e-05
6.72e-07 8.30522e-05
6.74e-07 8.14054e-05
6.76e-07 7.96718e-05
6.78e-07 7.81411e-05
6.8e-07 7.61746e-05
6.82e-07 7.43754e-05
6.84e-07 7.26421e-05
6.86e-07 7.08546e-05
6.88e-07 6.90434e-05
6.9e-07 6.63077e-05
6.92e-07 6.38824e-05
6.94e-07 6.10117e-05
6.96e-07 5.91645e-05
6.98e-07 5.63158e-05
7e-07 5.29855e-05
7.02e-07 5.04092e-05
7.04e-07 4.74092e-05
7.06e-07 4.49122e-05
7.08e-07 4.17752e-05
7.1e-07 3.8544e-05

