4e-07 0.0207745
4.02e-07 0.0199182
4.04e-07 0.0193029
4.06e-07 0.0186488
4.08e-07 0.0181782
4.1e-07 0.017774
4.12e-07 0.0173217
4.14e-07 0.0169022
4.16e-07 0.0162457
4.18e-07 0.015908
4.2e-07 0.0154873
4.22e-07 0.0151096
4.24e-07 0.0147381
4.26e-07 0.0142726
4.28e-07 0.0137987
4.3e-07 0.0133227
4.32e-07 0.0127461
4.34e-07 0.0122204
4.36e-07 0.0117166
4.38e-07 0.011113
4.4e-07 0.010522
4.42e-07 0.0100095
4.44e-07 0.00945419
4.46e-07 0.00891976
4.48e-07 0.00845235
4.5e-07 0.00815577
4.52e-07 0.00788507
4.54e-07 0.00759019
4.56e-07 0.00743628
4.58e-07 0.00728195
4.6e-07 0.00713511
4.62e-07 0.00694945
4.64e-07 0.00678874
4.66e-07 0.00662909
4.68e-07 0.00646368
4.7e-07 0.00630001
4.72e-07 0.00612242
4.74e-07 0.00596138
4.76e-07 0.00578869
4.78e-07 0.00562435
4.8e-07 0.00546885
4.82e-07 0.00530007
4.84e-07 0.00514803
4.86e-07 0.00499988
4.88e-07 0.00481454
4.9e-07 0.00461363
4.92e-07 0.00442319
4.94e-07 0.00421774
4.96e-07 0.00397711
4.98e-07 0.00374218
5e-07 0.00350303
5.02e-07 0.00325896
5.04e-07 0.00302652
5.06e-07 0.0028062
5.08e-07 0.0026067
5.1e-07 0.00243147
5.12e-07 0.00225872
5.14e-07 0.00208958
5.16e-07 0.00202745
5.18e-07 0.00197847
5.2e-07 0.00193008
5.22e-07 0.00188318
5.24e-07 0.00183546
5.26e-07 0.00178937
5.28e-07 0.00174351
5.3e-07 0.0016948
5.32e-07 0.00164409
5.34e-07 0.00159431
5.36e-07 0.00154782
5.38e-07 0.00149681
5.4e-07 0.00144741
5.42e-07 0.00139916
5.44e-07 0.00134856
5.46e-07 0.00128981
5.48e-07 0.00123434
5.5e-07 0.00118016
5.52e-07 0.0011386
5.54e-07 0.0011091
5.56e-07 0.00108083
5.58e-07 0.00105332
5.6e-07 0.001025
5.62e-07 0.000995962
5.64e-07 0.000966989
5.66e-07 0.000940399
5.68e-07 0.000902179
5.7e-07 0.000861552
5.72e-07 0.000822927
5.74e-07 0.000786274
5.76e-07 0.000735274
5.78e-07 0.000683796
5.8e-07 0.000637796
5.82e-07 0.000592957
5.84e-07 0.000542598
5.86e-07 0.000494507
5.88e-07 0.000450646
5.9e-07 0.00041055
5.92e-07 0.000370115
5.94e-07 0.000332467
5.96e-07 0.000298835
5.98e-07 0.000269432
6e-07 0.000248429
6.02e-07 0.000231901
6.04e-07 0.000216007
6.06e-07 0.000201262
6.08e-07 0.000192215
6.1e-07 0.000189406
6.12e-07 0.000185889
6.14e-07 0.000182461
6.16e-07 0.000178798
6.18e-07 0.000174954
6.2e-07 0.000171138
6.22e-07 0.000166954
6.24e-07 0.000163274
6.26e-07 0.000159283
6.28e-07 0.000155459
6.3e-07 0.000151833
6.32e-07 0.000148331
6.34e-07 0.000145019
6.36e-07 0.000141379
6.38e-07 0.000138218
6.4e-07 0.000135453
6.42e-07 0.000131776
6.44e-07 0.00012766
6.46e-07 0.000124861
6.48e-07 0.00012199
6.5e-07 0.000119089
6.52e-07 0.000113852
6.54e-07 0.000109225
6.56e-07 0.000104498
6.58e-07 9.97795e-05
6.6e-07 9.57116e-05
6.62e-07 9.33977e-05
6.64e-07 9.10942e-05
6.66e-07 8.88121e-05
6.68e-07 8.65618e-05
6.7e-07 8.47997e-05
6.72e-07 8.30447e-05
6.74e-07 8.13996e-05
6.76e-07 7.96901e-05
6.78e-07 7.81277e-05
6.8e-07 7.61335e-05
6.82e-07 7.44377e-05
6.84e-07 7.26169e-05
6.86e-07 7.09122e-05
6.88e-07 6.90628e-05
6.9e-07 6.63797e-05
6.92e-07 6.39696e-05
6.94e-07 6.10832e-05
6.96e-07 5.92212e-05
6.98e-07 5.62671e-05
7e-07 5.29486e-05
7.02e-07 5.0416e-05
7.04e-07 4.73788e-05
7.06e-07 4.48873e-05
7.08e-07 4.17842e-05
7.1e-07 3.86086e-05

