4e-07 0.0216912
4.02e-07 0.0207481
4.04e-07 0.0200672
4.06e-07 0.019349
4.08e-07 0.0188292
4.1e-07 0.0183821
4.12e-07 0.0178866
4.14e-07 0.0174281
4.16e-07 0.0167237
4.18e-07 0.0163556
4.2e-07 0.0159024
4.22e-07 0.0154959
4.24e-07 0.0150976
4.26e-07 0.0146032
4.28e-07 0.014102
4.3e-07 0.0136003
4.32e-07 0.0129963
4.34e-07 0.0124467
4.36e-07 0.0119216
4.38e-07 0.0112941
4.4e-07 0.0106822
4.42e-07 0.0101525
4.44e-07 0.00958167
4.46e-07 0.0090302
4.48e-07 0.00854957
4.5e-07 0.00824517
4.52e-07 0.00796635
4.54e-07 0.00766374
4.56e-07 0.00750527
4.58e-07 0.00734645
4.6e-07 0.00719534
4.62e-07 0.00700536
4.64e-07 0.00684065
4.66e-07 0.00667752
4.68e-07 0.00650862
4.7e-07 0.00634165
4.72e-07 0.00616076
4.74e-07 0.0059969
4.76e-07 0.0058213
4.78e-07 0.00565455
4.8e-07 0.00549657
4.82e-07 0.00532567
4.84e-07 0.0051716
4.86e-07 0.00502141
4.88e-07 0.00483408
4.9e-07 0.00463132
4.92e-07 0.0044389
4.94e-07 0.00423169
4.96e-07 0.00398928
4.98e-07 0.00375269
5e-07 0.003512
5.02e-07 0.00326665
5.04e-07 0.00303311
5.06e-07 0.00281178
5.08e-07 0.00261134
5.1e-07 0.00243526
5.12e-07 0.00226208
5.14e-07 0.00209242
5.16e-07 0.00202952
5.18e-07 0.0019804
5.2e-07 0.00193233
5.22e-07 0.00188533
5.24e-07 0.00183749
5.26e-07 0.00179098
5.28e-07 0.00174539
5.3e-07 0.00169607
5.32e-07 0.00164508
5.34e-07 0.0015956
5.36e-07 0.00154891
5.38e-07 0.00149853
5.4e-07 0.00144825
5.42e-07 0.00139993
5.44e-07 0.00134958
5.46e-07 0.00129048
5.48e-07 0.00123492
5.5e-07 0.00118084
5.52e-07 0.00113928
5.54e-07 0.00110966
5.56e-07 0.00108122
5.58e-07 0.00105348
5.6e-07 0.00102468
5.62e-07 0.000995784
5.64e-07 0.000967712
5.66e-07 0.000940499
5.68e-07 0.000902422
5.7e-07 0.000861402
5.72e-07 0.000823489
5.74e-07 0.000786421
5.76e-07 0.000735243
5.78e-07 0.000683911
5.8e-07 0.000634304
5.82e-07 0.000593316
5.84e-07 0.000542676
5.86e-07 0.000494581
5.88e-07 0.000450531
5.9e-07 0.000410794
5.92e-07 0.000369831
5.94e-07 0.000332461
5.96e-07 0.0002987
5.98e-07 0.000269051
6e-07 0.000248562
6.02e-07 0.000231772
6.04e-07 0.000215929
6.06e-07 0.000201237
6.08e-07 0.000192263
6.1e-07 0.00018884
6.12e-07 0.000185999
6.14e-07 0.000182632
6.16e-07 0.000178796
6.18e-07 0.000174972
6.2e-07 0.000171186
6.22e-07 0.000166995
6.24e-07 0.000163332
6.26e-07 0.000159437
6.28e-07 0.000155521
6.3e-07 0.000151964
6.32e-07 0.000148424
6.34e-07 0.000144733
6.36e-07 0.000141403
6.38e-07 0.000138231
6.4e-07 0.000135413
6.42e-07 0.000132027
6.44e-07 0.000127905
6.46e-07 0.000125397
6.48e-07 0.00012208
6.5e-07 0.000119014
6.52e-07 0.000114175
6.54e-07 0.000109299
6.56e-07 0.000104518
6.58e-07 9.97067e-05
6.6e-07 9.57686e-05
6.62e-07 9.34065e-05
6.64e-07 9.11591e-05
6.66e-07 8.88179e-05
6.68e-07 8.66428e-05
6.7e-07 8.47643e-05
6.72e-07 8.29379e-05
6.74e-07 8.138e-05
6.76e-07 7.96798e-05
6.78e-07 7.81369e-05
6.8e-07 7.6334e-05
6.82e-07 7.44194e-05
6.84e-07 7.26307e-05
6.86e-07 7.08408e-05
6.88e-07 6.90348e-05
6.9e-07 6.63862e-05
6.92e-07 6.3965e-05
6.94e-07 6.11016e-05
6.96e-07 5.92194e-05
6.98e-07 5.63189e-05
7e-07 5.29462e-05
7.02e-07 5.04488e-05
7.04e-07 4.74405e-05
7.06e-07 4.49302e-05
7.08e-07 4.17782e-05
7.1e-07 3.86016e-05

