4e-07 0.0244772
4.02e-07 0.0235984
4.04e-07 0.0230373
4.06e-07 0.0223696
4.08e-07 0.0219131
4.1e-07 0.0215024
4.12e-07 0.0209954
4.14e-07 0.0205123
4.16e-07 0.0196684
4.18e-07 0.0192805
4.2e-07 0.0187577
4.22e-07 0.0183003
4.24e-07 0.0178714
4.26e-07 0.0173019
4.28e-07 0.0167182
4.3e-07 0.0161189
4.32e-07 0.015369
4.34e-07 0.0146864
4.36e-07 0.0140196
4.38e-07 0.0131817
4.4e-07 0.0123489
4.42e-07 0.0116411
4.44e-07 0.0108833
4.46e-07 0.0101562
4.48e-07 0.0095233
4.5e-07 0.00912946
4.52e-07 0.00877168
4.54e-07 0.00839401
4.56e-07 0.0082079
4.58e-07 0.0080249
4.6e-07 0.00784957
4.62e-07 0.00762746
4.64e-07 0.00743154
4.66e-07 0.00723588
4.68e-07 0.00703053
4.7e-07 0.00682605
4.72e-07 0.00659829
4.74e-07 0.006386
4.76e-07 0.00615826
4.78e-07 0.00594058
4.8e-07 0.00573486
4.82e-07 0.00551826
4.84e-07 0.00532329
4.86e-07 0.00513274
4.88e-07 0.00490025
4.9e-07 0.00465105
4.92e-07 0.00441857
4.94e-07 0.00417067
4.96e-07 0.00388908
4.98e-07 0.00362173
5e-07 0.00335552
5.02e-07 0.003091
5.04e-07 0.00284416
5.06e-07 0.00261497
5.08e-07 0.00241114
5.1e-07 0.00223457
5.12e-07 0.00206401
5.14e-07 0.00189876
5.16e-07 0.00183622
5.18e-07 0.00178662
5.2e-07 0.00173685
5.22e-07 0.00168937
5.24e-07 0.00164194
5.26e-07 0.00159519
5.28e-07 0.00154922
5.3e-07 0.00150093
5.32e-07 0.00145112
5.34e-07 0.00140279
5.36e-07 0.00135792
5.38e-07 0.00130892
5.4e-07 0.00126255
5.42e-07 0.00121735
5.44e-07 0.00117094
5.46e-07 0.00111697
5.48e-07 0.0010661
5.5e-07 0.00101719
5.52e-07 0.000978979
5.54e-07 0.000951528
5.56e-07 0.000925113
5.58e-07 0.000899422
5.6e-07 0.000873003
5.62e-07 0.000846795
5.64e-07 0.000821594
5.66e-07 0.000797194
5.68e-07 0.00076356
5.7e-07 0.000727696
5.72e-07 0.000694667
5.74e-07 0.000663015
5.76e-07 0.000618626
5.78e-07 0.000574805
5.8e-07 0.000534867
5.82e-07 0.000497931
5.84e-07 0.000455318
5.86e-07 0.000414555
5.88e-07 0.000377658
5.9e-07 0.00034424
5.92e-07 0.000309319
5.94e-07 0.000277202
5.96e-07 0.000249883
5.98e-07 0.000225089
6e-07 0.000207691
6.02e-07 0.000193471
6.04e-07 0.000179726
6.06e-07 0.000167756
6.08e-07 0.000160208
6.1e-07 0.000156735
6.12e-07 0.000154127
6.14e-07 0.000150813
6.16e-07 0.000148065
6.18e-07 0.000144078
6.2e-07 0.00014113
6.22e-07 0.000137404
6.24e-07 0.000134495
6.26e-07 0.000130551
6.28e-07 0.000127587
6.3e-07 0.000124049
6.32e-07 0.000120946
6.34e-07 0.000117981
6.36e-07 0.000115107
6.38e-07 0.000112466
6.4e-07 0.000110076
6.42e-07 0.000107505
6.44e-07 0.000104573
6.46e-07 0.000101206
6.48e-07 9.85183e-05
6.5e-07 9.61702e-05
6.52e-07 9.2013e-05
6.54e-07 8.78894e-05
6.56e-07 8.38995e-05
6.58e-07 8.03251e-05
6.6e-07 7.68182e-05
6.62e-07 7.49123e-05
6.64e-07 7.30475e-05
6.66e-07 7.10342e-05
6.68e-07 6.91667e-05
6.7e-07 6.76184e-05
6.72e-07 6.61775e-05
6.74e-07 6.46362e-05
6.76e-07 6.33407e-05
6.78e-07 6.1974e-05
6.8e-07 6.04585e-05
6.82e-07 5.87591e-05
6.84e-07 5.73284e-05
6.86e-07 5.59576e-05
6.88e-07 5.44056e-05
6.9e-07 5.18789e-05
6.92e-07 5.00214e-05
6.94e-07 4.80998e-05
6.96e-07 4.58316e-05
6.98e-07 4.41132e-05
7e-07 4.20118e-05
7.02e-07 3.95357e-05
7.04e-07 3.7139e-05
7.06e-07 3.54932e-05
7.08e-07 3.24812e-05
7.1e-07 2.95323e-05

