4e-07 0.0295067
4.02e-07 0.0284059
4.04e-07 0.0277441
4.06e-07 0.0269521
4.08e-07 0.0264488
4.1e-07 0.0259977
4.12e-07 0.0254081
4.14e-07 0.0248394
4.16e-07 0.0237712
4.18e-07 0.0233049
4.2e-07 0.0226511
4.22e-07 0.0220792
4.24e-07 0.0215455
4.26e-07 0.0208242
4.28e-07 0.0200904
4.3e-07 0.0193395
4.32e-07 0.0183876
4.34e-07 0.0175198
4.36e-07 0.016663
4.38e-07 0.0155704
4.4e-07 0.0144778
4.42e-07 0.0135447
4.44e-07 0.0125488
4.46e-07 0.0115981
4.48e-07 0.0107778
4.5e-07 0.0102673
4.52e-07 0.00980898
4.54e-07 0.00933212
4.56e-07 0.00909668
4.58e-07 0.0088676
4.6e-07 0.00864923
4.62e-07 0.00837217
4.64e-07 0.00812705
4.66e-07 0.00788305
4.68e-07 0.00762621
4.7e-07 0.007373
4.72e-07 0.0070943
4.74e-07 0.00683794
4.76e-07 0.00656631
4.78e-07 0.0063094
4.8e-07 0.00606772
4.82e-07 0.00581552
4.84e-07 0.00558756
4.86e-07 0.0053663
4.88e-07 0.00509871
4.9e-07 0.00481334
4.92e-07 0.00454878
4.94e-07 0.00426853
4.96e-07 0.0039538
4.98e-07 0.00365736
5e-07 0.00336659
5.02e-07 0.00308044
5.04e-07 0.00281666
5.06e-07 0.00257389
5.08e-07 0.00235656
5.1e-07 0.00217719
5.12e-07 0.00200207
5.14e-07 0.00183385
5.16e-07 0.00176922
5.18e-07 0.00171781
5.2e-07 0.00166643
5.22e-07 0.00161851
5.24e-07 0.00156928
5.26e-07 0.0015217
5.28e-07 0.00147513
5.3e-07 0.00142627
5.32e-07 0.00137644
5.34e-07 0.00132797
5.36e-07 0.00128301
5.38e-07 0.00123479
5.4e-07 0.00118834
5.42e-07 0.00114424
5.44e-07 0.00109826
5.46e-07 0.00104621
5.48e-07 0.000996386
5.5e-07 0.000948818
5.52e-07 0.000911682
5.54e-07 0.000885369
5.56e-07 0.000859139
5.58e-07 0.000834017
5.6e-07 0.000808238
5.62e-07 0.00078355
5.64e-07 0.000757666
5.66e-07 0.000734184
5.68e-07 0.000703539
5.7e-07 0.000668738
5.72e-07 0.000638626
5.74e-07 0.000608854
5.76e-07 0.000567242
5.78e-07 0.000527064
5.8e-07 0.000489021
5.82e-07 0.000454545
5.84e-07 0.000415695
5.86e-07 0.000377836
5.88e-07 0.000343928
5.9e-07 0.000313293
5.92e-07 0.000281223
5.94e-07 0.000252505
5.96e-07 0.000226452
5.98e-07 0.000203651
6e-07 0.000187902
6.02e-07 0.0001751
6.04e-07 0.000162568
6.06e-07 0.00015085
6.08e-07 0.000143779
6.1e-07 0.000141346
6.12e-07 0.000138824
6.14e-07 0.000136301
6.16e-07 0.000133669
6.18e-07 0.000129899
6.2e-07 0.000126393
6.22e-07 0.000122866
6.24e-07 0.000120886
6.26e-07 0.000117119
6.28e-07 0.000113647
6.3e-07 0.000110519
6.32e-07 0.000108698
6.34e-07 0.000104918
6.36e-07 0.000103164
6.38e-07 9.9665e-05
6.4e-07 9.74233e-05
6.42e-07 9.51336e-05
6.44e-07 9.24038e-05
6.46e-07 8.94576e-05
6.48e-07 8.69992e-05
6.5e-07 8.52739e-05
6.52e-07 8.16462e-05
6.54e-07 7.71272e-05
6.56e-07 7.42508e-05
6.58e-07 7.04424e-05
6.6e-07 6.75405e-05
6.62e-07 6.59502e-05
6.64e-07 6.40344e-05
6.66e-07 6.24009e-05
6.68e-07 6.05047e-05
6.7e-07 5.92354e-05
6.72e-07 5.79094e-05
6.74e-07 5.64442e-05
6.76e-07 5.51998e-05
6.78e-07 5.39887e-05
6.8e-07 5.24518e-05
6.82e-07 5.10873e-05
6.84e-07 4.98772e-05
6.86e-07 4.82867e-05
6.88e-07 4.70487e-05
6.9e-07 4.47927e-05
6.92e-07 4.30751e-05
6.94e-07 4.08328e-05
6.96e-07 4.0239e-05
6.98e-07 3.79343e-05
7e-07 3.52343e-05
7.02e-07 3.37196e-05
7.04e-07 3.18539e-05
7.06e-07 3.0092e-05
7.08e-07 2.79328e-05
7.1e-07 2.56556e-05

