4e-07 0.0110081
4.02e-07 0.0107059
4.04e-07 0.0104512
4.06e-07 0.0101604
4.08e-07 0.00990528
4.1e-07 0.00967213
4.12e-07 0.00943182
4.14e-07 0.00921116
4.16e-07 0.00893614
4.18e-07 0.00876874
4.2e-07 0.00858131
4.22e-07 0.00841473
4.24e-07 0.00825522
4.26e-07 0.00806689
4.28e-07 0.00786685
4.3e-07 0.00765961
4.32e-07 0.00742123
4.34e-07 0.00720393
4.36e-07 0.00700416
4.38e-07 0.00678124
4.4e-07 0.00657064
4.42e-07 0.00640152
4.44e-07 0.00622154
4.46e-07 0.00604524
4.48e-07 0.00588496
4.5e-07 0.00578874
4.52e-07 0.00569306
4.54e-07 0.00558229
4.56e-07 0.00552699
4.58e-07 0.00547137
4.6e-07 0.00541751
4.62e-07 0.00534773
4.64e-07 0.00529125
4.66e-07 0.00523504
4.68e-07 0.0051782
4.7e-07 0.00511885
4.72e-07 0.00504478
4.74e-07 0.00496827
4.76e-07 0.00487034
4.78e-07 0.00478674
4.8e-07 0.00469695
4.82e-07 0.00459982
4.84e-07 0.0045114
4.86e-07 0.00442414
4.88e-07 0.00431085
4.9e-07 0.00418403
4.92e-07 0.00406367
4.94e-07 0.00392898
4.96e-07 0.00376666
4.98e-07 0.00360454
5e-07 0.00343203
5.02e-07 0.00324925
5.04e-07 0.00306805
5.06e-07 0.00289055
5.08e-07 0.00272511
5.1e-07 0.00257605
5.12e-07 0.00242404
5.14e-07 0.00227022
5.16e-07 0.00221802
5.18e-07 0.00217798
5.2e-07 0.00213653
5.22e-07 0.00209609
5.24e-07 0.00205376
5.26e-07 0.00201212
5.28e-07 0.00197073
5.3e-07 0.00192446
5.32e-07 0.00187639
5.34e-07 0.00182894
5.36e-07 0.00178395
5.38e-07 0.00173387
5.4e-07 0.0016852
5.42e-07 0.00163787
5.44e-07 0.00158734
5.46e-07 0.00152662
5.48e-07 0.00146879
5.5e-07 0.00141179
5.52e-07 0.00136874
5.54e-07 0.00133966
5.56e-07 0.00131006
5.58e-07 0.00128055
5.6e-07 0.00125202
5.62e-07 0.00122132
5.64e-07 0.00119094
5.66e-07 0.00116127
5.68e-07 0.00111657
5.7e-07 0.0010715
5.72e-07 0.00102706
5.74e-07 0.000984705
5.76e-07 0.000923387
5.78e-07 0.000861928
5.8e-07 0.000805164
5.82e-07 0.000752445
5.84e-07 0.000690498
5.86e-07 0.000631292
5.88e-07 0.000577023
5.9e-07 0.000527373
5.92e-07 0.000476186
5.94e-07 0.000429143
5.96e-07 0.000386802
5.98e-07 0.000349209
6e-07 0.000323092
6.02e-07 0.000302142
6.04e-07 0.000282097
6.06e-07 0.000263132
6.08e-07 0.000252331
6.1e-07 0.000248465
6.12e-07 0.000244444
6.14e-07 0.000240756
6.16e-07 0.000236536
6.18e-07 0.000231694
6.2e-07 0.000226992
6.22e-07 0.000222394
6.24e-07 0.000217738
6.26e-07 0.000212904
6.28e-07 0.000208157
6.3e-07 0.000203769
6.32e-07 0.000199308
6.34e-07 0.000195204
6.36e-07 0.000191259
6.38e-07 0.00018705
6.4e-07 0.000183417
6.42e-07 0.000179556
6.44e-07 0.000175175
6.46e-07 0.00017097
6.48e-07 0.000167044
6.5e-07 0.000162958
6.52e-07 0.000156781
6.54e-07 0.00015022
6.56e-07 0.000143827
6.58e-07 0.000137742
6.6e-07 0.000132383
6.62e-07 0.000129262
6.64e-07 0.000126125
6.66e-07 0.000123153
6.68e-07 0.00012032
6.7e-07 0.000117832
6.72e-07 0.000115656
6.74e-07 0.000113593
6.76e-07 0.000111571
6.78e-07 0.00010968
6.8e-07 0.000107294
6.82e-07 0.000104918
6.84e-07 0.000102754
6.86e-07 0.00010057
6.88e-07 9.81243e-05
6.9e-07 9.47749e-05
6.92e-07 9.12293e-05
6.94e-07 8.82942e-05
6.96e-07 0.000109916
6.98e-07 8.09644e-05
7e-07 7.69147e-05
7.02e-07 7.28158e-05
7.04e-07 6.96104e-05
7.06e-07 6.61072e-05
7.08e-07 6.13038e-05
7.1e-07 5.65579e-05

